725.320 18 FBW_STATUS 2 0 1 115 0
725.348 18 NAVIGATION 0 2 0. 0. 0. 0. 0 0
725.384 18 GPS 0 0 0 0 0 0 0 0 0 0 0
725.440 18 ATTITUDE 1.269649 0. 1.258819
725.452 18 DOWNLINK 0 483 140
725.508 18 DESIRED 0. 0.15 0. 0. 0. 700. 0.
725.540 18 ESTIMATOR 0. 0.
725.552 18 IR_SENSORS -73 309 382 236 96
725.584 18 NAVIGATION 0 2 0. 0. 0. 0. 0 0
725.615 18 DOWNLINK_STATUS 2 1018 47 0 532. 24. 0.
725.620 18 GPS 0 0 0 0 0 0 0 0 0 0 0
725.644 18 WP_MOVED 3 665540. 5320049. 75. 32
725.656 18 DL_VALUE 4 80.
725.740 18 GPS_SOL 0 0 0 0
725.832 18 NAVIGATION 0 2 0. 0. 0. 0. 0 0
725.868 18 GPS 0 0 0 0 0 0 0 0 0 0 0
725.896 18 NAVIGATION 0 2 0. 0. 0. 0. 0 0
725.916 18 BAT 0 115 0 0 1 6 0 0
725.940 18 ATTITUDE 1.233252 0. 1.230822
725.956 18 GYRO_RATES -308 -5.354616 0.
726.036 18 ESTIMATOR 0. 0.
726.084 18 NAVIGATION 0 2 0. 0. 0. 0. 0 0
726.116 18 GPS 0 0 0 0 0 0 0 0 0 0 0
726.144 18 WP_MOVED 4 665470.125 5320139. 75. 32
726.157 18 CALIBRATION 0. 0
726.332 18 NAVIGATION 0 2 0. 0. 0. 0. 0 0
726.368 18 GPS 0 0 0 0 0 0 0 0 0 0 0
726.440 18 ATTITUDE 1.225672 0. 1.227721
726.540 18 ESTIMATOR 0. 0.
726.572 18 DESIRED 0. 0.13 0. 0. 0. 700. 0.
726.600 18 NAVIGATION 0 2 0. 0. 0. 0. 0 0
726.615 18 DOWNLINK_STATUS 3 1493 68 0 475. 21. 0.
727.040 18 ESTIMATOR 0. 0.
727.062 18 GYRO_RATES -309 -5.372001 0.
727.084 18 NAVIGATION 0 2 0. 0. 0. 0. 0 0
727.614 18 DOWNLINK_STATUS 1 40 2 3 40. 2. 0.
727.616 18 DOWNLINK_STATUS 4 1509 69 3 16. 1. 0.
728.537 18 ESTIMATOR 0. 0.
728.615 18 DOWNLINK_STATUS 2 54 3 14 14. 1. 0.
728.616 18 DOWNLINK_STATUS 5 1509 69 3 0. 0. 0.
728.644 18 WP_MOVED 9 665345.5 5320111.5 75. 32
729.615 18 DOWNLINK_STATUS 3 54 3 14 0. 0. 0.
729.617 18 DOWNLINK_STATUS 6 1529 70 9 20. 1. -1.30988162693e+12
730.145 18 WP_MOVED 2 665509.5 5320029. 75. 32
730.156 18 DL_VALUE 7 1.
730.384 18 GYRO_RATES -314 -5.458926 0.
730.548 18 DOWNLINK 0 502 257
730.615 18 DOWNLINK_STATUS 4 101 6 21 47. 3. 0.
730.618 18 DOWNLINK_STATUS 7 1540 71 23 11. 1. -1.30988162693e+12
730.832 18 NAVIGATION 0 2 0. 0. 0. 0. 0 0
731.144 18 WP_MOVED 4 665470.125 5320139. 75. 32
731.320 18 FBW_STATUS 2 0 1 115 0
731.616 18 DOWNLINK_STATUS 5 135 8 26 34. 2. 0.
731.618 18 DOWNLINK_STATUS 8 1566 72 24 26. 1. -1.30988162693e+12
732.148 18 PONG 
732.472 18 CALIBRATION 0. 0
732.616 18 DOWNLINK_STATUS 6 141 9 34 6. 1. 32.92
732.619 18 DOWNLINK_STATUS 9 1577 73 30 11. 1. -1.30988162693e+12
732.657 18 WP_MOVED 7 665340.8125 5320018.5 75. 32
732.741 18 IR_SENSORS -107 331 438 224 139
732.948 18 ATTITUDE 1.083462 0. 1.176331
733.156 18 DL_VALUE 9 0.
733.440 18 ATTITUDE 1.06367 0. 1.172088
733.536 18 ESTIMATOR 0. 0.
733.617 18 DOWNLINK_STATUS 7 189 12 39 48. 3. 32.92
733.619 18 DOWNLINK_STATUS 10 1626 76 34 49. 3. -1.30988162693e+12
734.036 18 ESTIMATOR 0. 0.
734.420 18 COMMANDS 0,1358,-9600
734.617 18 DOWNLINK_STATUS 8 189 12 39 0. 0. 32.92
734.620 18 DOWNLINK_STATUS 11 1653 78 38 27. 2. -1.30988163193e+12
734.940 18 ATTITUDE 1.050889 0. 1.166538
735.184 18 ALIVE 195,2,241,108,116,210,186,177,153,128,63,215,145,135,168,66
735.619 18 DOWNLINK_STATUS 9 212 13 48 23. 1. 32.92
735.669 18 DOWNLINK_STATUS 12 1671 79 42 18. 1. -1.30988163193e+12
735.669 18 DOWNLINK 0 498 371
735.910 18 WIND_INFO 18 42 0. 0. 0.
736.084 18 NAVIGATION 0 2 0. 0. 0. 0. 0 0
736.619 18 DOWNLINK_STATUS 10 238 14 54 26. 1. 32.92
736.622 18 DOWNLINK_STATUS 13 1682 80 45 11. 1. -1.30988163193e+12
736.868 18 GPS 0 0 0 0 0 0 0 0 0 0 0
736.940 18 ATTITUDE 1.035066 0. 1.163794
737.619 18 DOWNLINK_STATUS 11 289 16 60 51. 2. -4967.88
737.623 18 DOWNLINK_STATUS 14 1682 80 45 0. 0. -1.30988163193e+12
737.740 18 GPS_SOL 0 0 0 0
737.972 18 WIND_INFO 18 42 0. 0. 0.
738.036 18 ESTIMATOR 0. 0.
738.620 18 DOWNLINK_STATUS 12 320 18 64 31. 2. -4967.88
738.623 18 DOWNLINK_STATUS 15 1682 80 45 0. 0. -1.30988163193e+12
739.144 18 WP_MOVED 0 665502. 5319991. 75. 32
739.420 18 COMMANDS 0,303,-9600
739.440 18 ATTITUDE 1.023524 0. 1.154332
739.616 18 GPS 0 0 0 0 0 0 0 0 0 0 0
739.620 18 DOWNLINK_STATUS 13 340 19 69 20. 1. -4967.88
739.625 18 DOWNLINK_STATUS 16 1746 83 59 64. 3. -1.30988163693e+12
739.833 18 NAVIGATION 0 2 0. 0. 0. 0. 0 0
740.240 18 GYRO_RATES -313 -5.441541 0.
740.252 18 PPRZ_MODE 2 0 0 0 0 6
740.622 18 DOWNLINK_STATUS 14 368 21 75 28. 2. -4967.88
740.667 18 DOWNLINK_STATUS 17 1772 84 60 26. 1. -1.30988163693e+12
741.400 18 GYRO_RATES -313 -5.441541 0.
741.623 18 DOWNLINK_STATUS 15 368 21 75 0. 0. -4967.88
741.626 18 DOWNLINK_STATUS 18 1788 85 67 16. 1. -1.30988163693e+12
742.160 18 PONG 
742.408 18 IR_SENSORS -113 329 442 216 150
742.623 18 DOWNLINK_STATUS 16 390 23 87 22. 2. 43.97
742.627 18 DOWNLINK_STATUS 19 1788 85 67 0. 0. -1.30988163693e+12
742.896 18 NAVIGATION 0 2 0. 0. 0. 0. 0 0
742.952 18 CALIBRATION 0. 0
743.036 18 ESTIMATOR 0. 0.
