2.479 4 NAVIGATION 0 2 0. 0. 0. 0. 0 0
2.506 4 GPS 0 66544824 531990784 0 65111 0 0 1645 410431000 32 0
2.511 4 GYRO_RATES -65 -1.130033 0.
2.511 4 IR_SENSORS -64 78 142 14 94
2.515 4 CALIBRATION 0. 0
2.563 4 GPS 0 66544824 531990784 0 65111 0 0 1645 410431250 32 0
2.595 4 ATTITUDE 0.126575 0. 0.871803
2.691 4 ESTIMATOR 0. 0.
2.694 4 DOWNLINK 0 658 314
2.731 4 NAVIGATION 0 2 0. 0. 0. 0. 0 0
2.747 4 GPS 0 66544824 531990784 0 65111 0 0 1645 410431250 32 0
2.795 4 WP_MOVED 3 665540. 5320049. 75. 32
2.811 4 GPS 0 66544824 531990784 0 65111 0 0 1645 410431500 32 0
2.903 4 AIRSPEED 5.846694 13. 13. 7.
2.911 4 DESIRED 0. 0.01 0. 0. 0. 700. 0.
2.983 4 NAVIGATION 0 2 0. 0. 0. 0. 0 0
3.003 4 GPS 0 66544824 531990784 0 65111 0 0 1645 410431500 32 0
3.007 4 NAVIGATION 0 2 0. 0. 0. 0. 0 0
3.067 4 GPS 0 66544824 531990784 0 65111 0 0 1645 410431750 32 0
3.094 4 ATTITUDE 0.105816 0. 0.862553
3.191 4 ESTIMATOR 0. 0.
3.231 4 NAVIGATION 0 2 0. 0. 0. 0. 0 0
3.247 4 GPS 0 66544824 531990784 0 65111 0 0 1645 410431750 32 0
3.276 4 DOWNLINK_STATUS 4 2310 98 0 688. 30. 0.
3.295 4 WP_MOVED 4 665470.125 5320139. 75. 32
3.347 4 GPS 0 66544824 531990784 0 65111 0 0 1645 410432000 32 0
3.347 4 SVINFO 10 16 12 3 34 50 302
3.479 4 FBW_STATUS 2 0 1 112 0
3.487 4 NAVIGATION 0 2 0. 0. 0. 0. 0 0
3.503 4 GPS 0 66544824 531990784 0 65111 0 0 1645 410432000 32 0
3.507 4 BAT 0 112 0 0 1 12 0 0
3.583 4 GPS 0 66544824 531990784 0 65111 0 0 1645 410432250 32 0
3.595 4 ATTITUDE 0.158286 0. 0.882172
3.599 4 GYRO_RATES -61 -1.060492 0.
3.695 4 ESTIMATOR 0. 0.
3.695 4 IR_SENSORS -65 70 135 5 94
3.731 4 NAVIGATION 0 2 0. 0. 0. 0. 0 0
3.751 4 GPS 0 66544824 531990784 0 65111 0 0 1645 410432250 32 0
3.795 4 WP_MOVED 5 665592.3125 5320088. 75. 32
3.795 4 DL_VALUE 8 0.
3.819 4 GPS 0 66544824 531990784 0 65111 0 0 1645 410432500 32 0
3.895 4 AIRSPEED 3.715162 13. 13. 7.
3.898 4 GPS_SOL 1499271 57841 9999 0
3.951 4 DESIRED 0. 0.02 0. 0. 0. 700. 0.
3.979 4 NAVIGATION 0 2 0. 0. 0. 0. 0 0
4.003 4 GPS 0 66544824 531990784 0 65111 0 0 1645 410432500 32 0
4.007 4 NAVIGATION 0 2 0. 0. 0. 0. 0 0
4.063 4 GPS 0 66544824 531990784 0 65111 0 0 1645 410432750 32 0
4.091 4 ATTITUDE 0.115973 0. 0.875294
4.191 4 ESTIMATOR 0. 0.
4.227 4 NAVIGATION 0 2 0. 0. 0. 0. 0 0
4.251 4 GPS 0 66544824 531990784 0 65111 0 0 1645 410432750 32 0
4.276 4 DOWNLINK_STATUS 5 2972 126 0 662. 28. 0.
4.291 4 WP_MOVED 6 665597. 5319937.5 75. 32
4.315 4 GPS 0 66544824 531990784 0 65111 0 0 1645 410433000 32 0
4.479 4 NAVIGATION 0 2 0. 0. 0. 0. 0 0
4.499 4 GPS 0 66544824 531990784 0 65111 0 0 1645 410433000 32 0
4.571 4 GPS 0 66544824 531990784 0 65111 0 0 1645 410433250 32 0
4.599 4 ATTITUDE 0.179323 0. 0.882172
4.603 4 BAT 0 112 0 0 1 13 0 0
4.603 4 CALIBRATION 0. 0
4.699 4 ESTIMATOR 0. 0.
4.699 4 GYRO_RATES -57 -0.990952 0.
4.703 4 ENERGY 11.2 0. 0 0.
4.731 4 NAVIGATION 0 2 0. 0. 0. 0. 0 0
4.747 4 GPS 0 66544824 531990784 0 65111 0 0 1645 410433250 32 0
4.791 4 WP_MOVED 7 665340.8125 5320018.5 75. 32
4.815 4 GPS 0 66544824 531990784 0 65111 0 0 1645 410433500 32 0
4.899 4 AIRSPEED 5.239503 13. 13. 7.
4.899 4 IR_SENSORS -65 70 135 5 94
4.979 4 NAVIGATION 0 2 0. 0. 0. 0. 0 0
5.011 4 GPS 0 66544824 531990784 0 65111 0 0 1645 410433500 32 0
5.015 4 NAVIGATION 0 2 0. 0. 0. 0. 0 0
5.023 4 DESIRED 0. 0.02 0. 0. 0. 700. 0.
5.063 4 GPS 0 66544824 531990784 0 65111 0 0 1645 410433750 32 0
5.095 4 ATTITUDE 0.105816 0. 0.862553
5.191 4 ESTIMATOR 0. 0.
5.227 4 NAVIGATION 0 2 0. 0. 0. 0. 0 0
5.251 4 GPS 0 66544824 531990784 0 65111 0 0 1645 410433750 32 0
5.277 4 DOWNLINK_STATUS 6 3609 152 0 637. 26. -1.31127121867e+12
5.295 4 WP_MOVED 8 665734.375 5320238.5 75. 32
5.295 4 DL_VALUE 9 0.
5.315 4 GPS 0 66544824 531990784 0 65111 0 0 1645 410434000 32 0
5.479 4 FBW_STATUS 2 0 1 112 0
5.483 4 NAVIGATION 0 2 0. 0. 0. 0. 0 0
5.499 4 GPS 0 66544824 531990784 0 65111 0 0 1645 410434000 32 0
5.567 4 GPS 0 66544824 531990784 0 65111 0 0 1645 410434250 32 0
5.595 4 ATTITUDE 0.126575 0. 0.871803
5.695 4 ESTIMATOR 0. 0.
5.699 4 BAT 0 112 0 0 1 14 0 0
5.731 4 NAVIGATION 0 2 0. 0. 0. 0. 0 0
5.747 4 GPS 0 66544824 531990784 0 65111 0 0 1645 410434250 32 0
5.799 4 WP_MOVED 9 665345.5 5320111.5 75. 32
5.799 4 GYRO_RATES -62 -1.077877 0.
5.815 4 GPS 0 66544824 531990784 0 65111 0 0 1645 410434500 32 0
5.899 4 AIRSPEED 6.290263 13. 13. 7.
5.899 4 GPS_SOL 1744543 57858 9999 0
5.979 4 NAVIGATION 0 2 0. 0. 0. 0. 0 0
6.003 4 GPS 0 66544824 531990784 0 65111 0 0 1645 410434500 32 0
6.007 4 NAVIGATION 0 2 0. 0. 0. 0. 0 0
6.051 4 DESIRED 0. 0.02 0. 0. 0. 700. 0.
6.071 4 GPS 0 66544824 531990784 0 65111 0 0 1645 410434750 32 0
6.114 4 SVINFO 11 18 12 6 34 25 142
6.114 4 ATTITUDE 0.137163 0. 0.875294
6.114 4 IR_SENSORS -64 71 135 7 94
6.191 4 ESTIMATOR 0. 0.
6.231 4 NAVIGATION 0 2 0. 0. 0. 0. 0 0
6.251 4 GPS 0 66544824 531990784 0 65111 0 0 1645 410434750 32 0
6.278 4 DOWNLINK_STATUS 7 4271 180 0 662. 28. -1.31127121867e+12
6.295 4 WP_MOVED 0 665502. 5319991. 75. 32
6.323 4 GPS 0 66544824 531990784 0 65111 0 0 1645 410435000 32 0
6.479 4 NAVIGATION 0 2 0. 0. 0. 0. 0 0
6.499 4 GPS 0 66544824 531990784 0 65111 0 0 1645 410435000 32 0
6.571 4 GPS 0 66544824 531990784 0 65111 0 0 1645 410435250 32 0
6.578 4 COMMANDS 0,-114,-9600
6.595 4 ATTITUDE 0.168816 0. 0.885561
6.675 4 ACTUATORS 1290,1896,0,1155
6.695 4 ESTIMATOR 0. 0.
6.695 4 CALIBRATION 0. 0
6.731 4 NAVIGATION 0 2 0. 0. 0. 0. 0 0
6.747 4 GPS 0 66544824 531990784 0 65111 0 0 1645 410435250 32 0
6.799 4 WP_MOVED 1 665460. 5319949. 75. 32
6.803 4 BAT 0 112 0 0 1 15 0 0
6.803 4 DL_VALUE 10 -0.062832
6.815 4 GPS 0 66544824 531990784 0 65111 0 0 1645 410435500 32 0
6.899 4 AIRSPEED 3.252565 13. 13. 7.
6.903 4 GYRO_RATES -58 -1.008337 0.
6.979 4 NAVIGATION 0 2 0. 0. 0. 0. 0 0
7.003 4 GPS 0 66544824 531990784 0 65111 0 0 1645 410435500 32 0
7.011 4 NAVIGATION 0 2 0. 0. 0. 0. 0 0
7.071 4 GPS 0 66544824 531990784 0 65111 0 0 1645 410435750 32 0
7.103 4 ATTITUDE 0.115973 0. 0.868277
7.107 4 DESIRED 0. 0.01 0. 0. 0. 700. 0.
7.195 4 ESTIMATOR 0. 0.
7.199 4 ENERGY 11.2 0. 0 0.
7.231 4 NAVIGATION 0 2 0. 0. 0. 0. 0 0
7.251 4 GPS 0 66544824 531990784 0 65111 0 0 1645 410435750 32 0
7.279 4 DOWNLINK_STATUS 8 4931 208 0 660. 28. -1.31127121867e+12
7.303 4 WP_MOVED 2 665509.5 5320029. 75. 32
7.303 4 IR_SENSORS -63 78 141 15 94
7.307 4 ALIVE 61,83,165,111,9,83,110,50,27,225,208,192,242,240,154,55
7.335 4 GPS 0 66544824 531990784 0 65111 0 0 1645 410436000 32 0
7.391 4 PPRZ_MODE 2 0 0 0 0 6
7.479 4 FBW_STATUS 2 0 1 112 0
7.487 4 NAVIGATION 0 2 0. 0. 0. 0. 0 0
7.499 4 GPS 0 66544824 531990784 0 65111 0 0 1645 410436000 32 0
7.583 4 GPS 0 66544824 531990784 0 65111 0 0 1645 410436250 32 0
7.583 4 SVINFO 9 16 12 6 34 50 302
7.587 4 SVINFO 13 30 0 3 35 -91 0
7.595 4 ATTITUDE 0.137163 0. 0.882172
7.691 4 ESTIMATOR 0. 0.
7.731 4 NAVIGATION 0 2 0. 0. 0. 0. 0 0
7.751 4 GPS 0 66544824 531990784 0 65111 0 0 1645 410436250 32 0
7.799 4 WP_MOVED 3 665540. 5320049. 75. 32
7.799 4 DOWNLINK 0 658 455
7.827 4 GPS 0 66544824 531990784 0 65111 0 0 1645 410436500 32 0
7.831 4 SVINFO 10 18 12 6 33 25 142
7.831 4 SVINFO 13 30 0 3 32 -91 0
7.903 4 AIRSPEED 5.105964 13. 13. 7.
7.907 4 BAT 0 112 0 0 1 16 0 0
7.910 4 GPS_SOL 1989864 57875 9999 0
7.979 4 NAVIGATION 0 2 0. 0. 0. 0. 0 0
8.007 4 GPS 0 66544824 531990784 0 65111 0 0 1645 410436500 32 0
8.011 4 NAVIGATION 0 2 0. 0. 0. 0. 0 0
8.015 4 GYRO_RATES -64 -1.112647 0.
8.071 4 GPS 0 66544824 531990784 0 65111 0 0 1645 410436750 32 0
8.091 4 ATTITUDE 0.168816 0. 0.87875
8.151 4 DESIRED 0. 0.01 0. 0. 0. 700. 0.
8.191 4 ESTIMATOR 0. 0.
8.231 4 NAVIGATION 0 2 0. 0. 0. 0. 0 0
8.251 4 GPS 0 66544824 531990784 0 65111 0 0 1645 410436750 32 0
8.280 4 DOWNLINK_STATUS 9 5670 241 0 739. 33. -1.31127121867e+12
8.295 4 WP_MOVED 4 665470.125 5320139. 75. 32
8.295 4 DL_VALUE 11 0.087266
8.327 4 GPS 0 66544824 531990784 0 65111 0 0 1645 410437000 32 0
8.479 4 NAVIGATION 0 2 0. 0. 0. 0. 0 0
8.503 4 GPS 0 66544824 531990784 0 65111 0 0 1645 410437000 32 0
8.503 4 IR_SENSORS -63 78 141 15 94
8.571 4 GPS 0 66544824 531990784 0 65111 0 0 1645 410437250 32 0
8.595 4 ATTITUDE 0.210681 0. 0.892238
8.691 4 ESTIMATOR 0. 0.
8.727 4 NAVIGATION 0 2 0. 0. 0. 0. 0 0
8.751 4 GPS 0 66544824 531990784 0 65111 0 0 1645 410437250 32 0
8.795 4 WP_MOVED 5 665592.3125 5320088. 75. 32
8.795 4 CALIBRATION 0. 0
8.819 4 GPS 0 66544824 531990784 0 65111 0 0 1645 410437500 32 0
8.895 4 AIRSPEED 5.155385 13. 13. 7.
8.979 4 NAVIGATION 0 2 0. 0. 0. 0. 0 0
9.011 4 GPS 0 66544824 531990784 0 65111 0 0 1645 410437500 32 0
9.011 4 NAVIGATION 0 2 0. 0. 0. 0. 0 0
9.015 4 BAT 0 112 0 0 1 17 0 0
9.071 4 GPS 0 66544824 531990784 0 65111 0 0 1645 410437750 32 0
9.095 4 ATTITUDE 0.158286 0. 0.882172
9.099 4 GYRO_RATES -59 -1.025722 0.
9.199 4 ESTIMATOR 0. 0.
9.203 4 DESIRED 0. 0.01 0. 0. 0. 700. 0.
9.231 4 NAVIGATION 0 2 0. 0. 0. 0. 0 0
9.247 4 GPS 0 66544824 531990784 0 65111 0 0 1645 410437750 32 0
9.281 4 DOWNLINK_STATUS 10 6298 267 0 628. 26. -1.31127121867e+12
9.295 4 WP_MOVED 6 665597. 5319937.5 75. 32
9.331 4 GPS 0 66544824 531990784 0 65111 0 0 1645 410438000 32 0
9.479 4 FBW_STATUS 2 0 1 112 0
9.483 4 NAVIGATION 0 2 0. 0. 0. 0. 0 0
9.499 4 GPS 0 66544824 531990784 0 65111 0 0 1645 410438000 32 0
9.575 4 GPS 0 66544824 531990784 0 65111 0 0 1645 410438250 32 0
9.595 4 ATTITUDE 0.168816 0. 0.885561
9.699 4 ESTIMATOR 0. 0.
9.699 4 IR_SENSORS -64 71 135 7 94
9.707 4 ENERGY 11.2 0. 0 0.
9.731 4 NAVIGATION 0 2 0. 0. 0. 0. 0 0
9.751 4 GPS 0 66544824 531990784 0 65111 0 0 1645 410438250 32 0
9.751 4 SVINFO 10 18 12 5 32 25 142
9.799 4 WP_MOVED 7 665340.8125 5320018.5 75. 32
9.799 4 DL_VALUE 0 700.
9.811 4 GPS 0 66544824 531990784 0 65111 0 0 1645 410438500 32 0
9.899 4 AIRSPEED 5.261803 13. 13. 7.
9.899 4 GPS_SOL 2235234 57893 9999 0
9.979 4 NAVIGATION 0 2 0. 0. 0. 0. 0 0
10.003 4 GPS 0 66544824 531990784 0 65111 0 0 1645 410438500 32 0
10.007 4 NAVIGATION 0 2 0. 0. 0. 0. 0 0
10.067 4 GPS 0 66544824 531990784 0 65111 0 0 1645 410438750 32 0
10.071 4 SVINFO 13 30 0 3 33 -91 0
10.095 4 ATTITUDE 0.127259 0. 0.86976
10.099 4 BAT 0 112 0 0 1 18 0 0
10.195 4 ESTIMATOR 0. 0.
10.195 4 GYRO_RATES -57 -0.990952 0.
10.227 4 NAVIGATION 0 2 0. 0. 0. 0. 0 0
10.255 4 GPS 0 66544824 531990784 0 65111 0 0 1645 410438750 32 0
10.263 4 DESIRED 0. 0.02 0. 0. 0. 700. 0.
10.282 4 DOWNLINK_STATUS 11 6994 297 0 696. 30. -1.31127122367e+12
10.295 4 WP_MOVED 8 665734.375 5320238.5 75. 32
10.323 4 GPS 0 66544824 531990784 0 65111 0 0 1645 410439000 32 0
10.479 4 NAVIGATION 0 2 0. 0. 0. 0. 0 0
10.499 4 GPS 0 66544824 531990784 0 65111 0 0 1645 410439000 32 0
10.571 4 GPS 0 66544824 531990784 0 65111 0 0 1645 410439250 32 0
10.595 4 ATTITUDE 0.212248 0. 0.897177
10.598 4 NAVIGATION_REF 665460 5319949 32
10.691 4 ESTIMATOR 0. 0.
10.731 4 NAVIGATION 0 2 0. 0. 0. 0. 0 0
10.751 4 GPS 0 66544824 531990784 0 65111 0 0 1645 410439250 32 0
10.795 4 WP_MOVED 9 665345.5 5320111.5 75. 32
10.819 4 GPS 0 66544824 531990784 0 65111 0 0 1645 410439500 32 0
10.903 4 AIRSPEED 5.867262 13. 13. 7.
10.903 4 IR_SENSORS -65 70 135 5 94
10.907 4 CALIBRATION 0. 0
10.979 4 NAVIGATION 0 2 0. 0. 0. 0. 0 0
11.007 4 GPS 0 66544824 531990784 0 65111 0 0 1645 410439500 32 0
11.011 4 NAVIGATION 0 2 0. 0. 0. 0. 0 0
11.063 4 GPS 0 66544824 531990784 0 65111 0 0 1645 410439750 32 0
11.091 4 ATTITUDE 0.105359 0. 0.871803
11.195 4 ESTIMATOR 0. 0.
11.195 4 BAT 0 112 0 0 1 19 0 0
11.227 4 NAVIGATION 0 2 0. 0. 0. 0. 0 0
11.247 4 GPS 0 66544824 531990784 0 65111 0 0 1645 410439750 32 0
11.283 4 DOWNLINK_STATUS 12 7576 321 0 582. 24. -1.31127122367e+12
11.307 4 WP_MOVED 0 665502. 5319991. 75. 32
11.315 4 DESIRED 0. 0.02 0. 0. 0. 700. 0.
11.315 4 GYRO_RATES -65 -1.130033 0.
11.319 4 DL_VALUE 1 0.
11.323 4 GPS 0 66544824 531990784 0 65111 0 0 1645 410440000 32 0
11.479 4 FBW_STATUS 2 0 1 112 0
11.483 4 NAVIGATION 0 2 0. 0. 0. 0. 0 0
11.499 4 GPS 0 66544824 531990784 0 65111 0 0 1645 410440000 32 0
11.571 4 GPS 0 66544824 531990784 0 65111 0 0 1645 410440250 32 0
11.578 4 COMMANDS 0,-297,-9600
11.591 4 ATTITUDE 0.180564 0. 0.8803
11.675 4 ACTUATORS 1290,1896,0,1155
11.691 4 ESTIMATOR 0. 0.
11.727 4 NAVIGATION 0 2 0. 0. 0. 0. 0 0
11.751 4 GPS 0 66544824 531990784 0 65111 0 0 1645 410440250 32 0
11.791 4 WP_MOVED 1 665460. 5319949. 75. 32
11.815 4 GPS 0 66544824 531990784 0 65111 0 0 1645 410440500 32 0
11.899 4 AIRSPEED 4.55619 13. 13. 7.
11.899 4 GPS_SOL 2480653 57910 9999 0
11.979 4 NAVIGATION 0 2 0. 0. 0. 0. 0 0
12.007 4 GPS 0 66544824 531990784 0 65111 0 0 1645 410440500 32 0
12.007 4 NAVIGATION 0 2 0. 0. 0. 0. 0 0
12.071 4 GPS 0 66544824 531990784 0 65111 0 0 1645 410440750 32 0
12.095 4 ATTITUDE 0.168816 0. 0.87875
12.095 4 IR_SENSORS -63 73 136 10 94
12.195 4 ESTIMATOR 0. 0.
12.195 4 ENERGY 11.2 0. 0 0.
12.227 4 NAVIGATION 0 2 0. 0. 0. 0. 0 0
12.247 4 GPS 0 66544824 531990784 0 65111 0 0 1645 410440750 32 0
12.284 4 DOWNLINK_STATUS 13 8252 350 0 676. 29. -1.31127122367e+12
12.303 4 WP_MOVED 2 665509.5 5320029. 75. 32
12.307 4 BAT 0 112 0 0 1 20 0 0
12.311 4 ALIVE 61,83,165,111,9,83,110,50,27,225,208,192,242,240,154,55
12.323 4 GPS 0 66544824 531990784 0 65111 0 0 1645 410441000 32 0
12.351 4 DESIRED 0. 0.02 0. 0. 0. 700. 0.
12.391 4 GYRO_RATES -58 -1.008337 0.
12.395 4 PPRZ_MODE 2 0 0 0 0 6
12.479 4 NAVIGATION 0 2 0. 0. 0. 0. 0 0
12.499 4 GPS 0 66544824 531990784 0 65111 0 0 1645 410441000 32 0
12.571 4 GPS 0 66544824 531990784 0 65111 0 0 1645 410441250 32 0
12.591 4 ATTITUDE 0.24818 0. 0.908105
12.691 4 ESTIMATOR 0. 0.
12.731 4 NAVIGATION 0 2 0. 0. 0. 0. 0 0
12.751 4 GPS 0 66544824 531990784 0 65111 0 0 1645 410441250 32 0
12.795 4 WP_MOVED 3 665540. 5320049. 75. 32
12.795 4 DL_VALUE 2 0.
12.819 4 GPS 0 66544824 531990784 0 65111 0 0 1645 410441500 32 0
12.895 4 AIRSPEED 4.753017 13. 13. 7.
12.898 4 DOWNLINK 0 666 599
12.979 4 NAVIGATION 0 2 0. 0. 0. 0. 0 0
12.993 4 WIND_INFO 4 42 0. 0. 0.
13.007 4 GPS 0 66544824 531990784 0 65111 0 0 1645 410441500 32 0
13.011 4 NAVIGATION 0 2 0. 0. 0. 0. 0 0
13.014 4 CALIBRATION 0. 0
13.075 4 GPS 0 66544824 531990784 0 65111 0 0 1645 410441750 32 0
13.095 4 ATTITUDE 0.168816 0. 0.892238
13.191 4 ESTIMATOR 0. 0.
13.227 4 NAVIGATION 0 2 0. 0. 0. 0. 0 0
13.251 4 GPS 0 66544824 531990784 0 65111 0 0 1645 410441750 32 0
13.285 4 DOWNLINK_STATUS 14 8910 378 0 658. 28. -1.31127122367e+12
13.295 4 WP_MOVED 4 665470.125 5320139. 75. 32
13.299 4 IR_SENSORS -64 77 141 13 93
13.327 4 GPS 0 66544824 531990784 0 65111 0 0 1645 410442000 32 0
13.403 4 DESIRED 0. 0.02 0. 0. 0. 700. 0.
13.403 4 BAT 0 112 0 0 1 21 0 0
13.479 4 FBW_STATUS 2 0 1 112 0
13.483 4 NAVIGATION 0 2 0. 0. 0. 0. 0 0
13.507 4 GPS 0 66544824 531990784 0 65111 0 0 1645 410442000 32 0
13.507 4 SVINFO 10 18 12 6 33 25 142
13.511 4 GYRO_RATES -67 -1.164803 0.
13.571 4 GPS 0 66544824 531990784 0 65111 0 0 1645 410442250 32 0
13.595 4 ATTITUDE 0.126575 0. 0.871803
13.691 4 ESTIMATOR 0. 0.
13.731 4 NAVIGATION 0 2 0. 0. 0. 0. 0 0
13.747 4 GPS 0 66544824 531990784 0 65111 0 0 1645 410442250 32 0
13.795 4 WP_MOVED 5 665592.3125 5320088. 75. 32
13.815 4 GPS 0 66544824 531990784 0 65111 0 0 1645 410442500 32 0
13.899 4 AIRSPEED 3.137974 13. 13. 7.
13.899 4 GPS_SOL 2726121 57927 9999 0
13.983 4 NAVIGATION 0 2 0. 0. 0. 0. 0 0
14.003 4 GPS 0 66544824 531990784 0 65111 0 0 1645 410442500 32 0
14.047 4 NAVIGATION 0 2 0. 0. 0. 0. 0 0
14.071 4 GPS 0 66544824 531990784 0 65111 0 0 1645 410442750 32 0
14.095 4 ATTITUDE 0.148642 0. 0.883743
14.191 4 ESTIMATOR 0. 0.
14.231 4 NAVIGATION 0 2 0. 0. 0. 0. 0 0
14.251 4 GPS 0 66544824 531990784 0 65111 0 0 1645 410442750 32 0
14.286 4 DOWNLINK_STATUS 15 9561 405 0 651. 27. -1.31127122367e+12
14.295 4 WP_MOVED 6 665597. 5319937.5 75. 32
14.298 4 DL_VALUE 3 0.
14.323 4 GPS 0 66544824 531990784 0 65111 0 0 1645 410443000 32 0
14.447 4 DESIRED 0. 0.01 0. 0. 0. 700. 0.
14.479 4 NAVIGATION 0 2 0. 0. 0. 0. 0 0
14.507 4 GPS 0 66544824 531990784 0 65111 0 0 1645 410443000 32 0
14.511 4 BAT 0 112 0 0 1 23 0 0
14.511 4 IR_SENSORS -65 72 137 7 94
14.583 4 GPS 0 66544824 531990784 0 65111 0 0 1645 410443250 32 0
14.595 4 ATTITUDE 0.221072 0. 0.908368
14.599 4 GYRO_RATES -66 -1.147418 0.
14.695 4 ESTIMATOR 0. 0.
14.699 4 ENERGY 11.2 0. 0 0.
14.727 4 NAVIGATION 0 2 0. 0. 0. 0. 0 0
14.747 4 GPS 0 66544824 531990784 0 65111 0 0 1645 410443250 32 0
14.795 4 WP_MOVED 7 665340.8125 5320018.5 75. 32
14.823 4 GPS 0 66544824 531990784 0 65111 0 0 1645 410443500 32 0
14.891 4 AIRSPEED 4.521168 13. 13. 7.
14.979 4 NAVIGATION 0 2 0. 0. 0. 0. 0 0
15.003 4 GPS 0 66544824 531990784 0 65111 0 0 1645 410443500 32 0
15.007 4 NAVIGATION 0 2 0. 0. 0. 0. 0 0
15.063 4 GPS 0 66544824 531990784 0 65111 0 0 1645 410443750 32 0
15.095 4 ATTITUDE 0.137959 0. 0.873309
15.095 4 CALIBRATION 0. 0
15.191 4 ESTIMATOR 0. 0.
15.227 4 NAVIGATION 0 2 0. 0. 0. 0. 0 0
15.247 4 GPS 0 66544824 531990784 0 65111 0 0 1645 410443750 32 0
15.287 4 DOWNLINK_STATUS 16 10209 432 0 648. 27. -1.31127122867e+12
15.291 4 WP_MOVED 8 665734.375 5320238.5 75. 32
15.319 4 GPS 0 66544824 531990784 0 65111 0 0 1645 410444000 32 0
15.479 4 FBW_STATUS 2 0 1 112 0
15.487 4 NAVIGATION 0 2 0. 0. 0. 0. 0 0
15.507 4 GPS 0 66544824 531990784 0 65111 0 0 1645 410444000 32 0
15.511 4 DESIRED 0. 0.02 0. 0. 0. 700. 0.
15.571 4 GPS 0 66544824 531990784 0 65111 0 0 1645 410444250 32 0
15.595 4 ATTITUDE 0.147734 0. 0.871803
15.599 4 BAT 0 112 0 0 1 24 0 0
15.699 4 ESTIMATOR 0. 0.
15.699 4 GYRO_RATES -58 -1.008337 0.
15.702 4 IR_SENSORS -65 71 136 6 94
15.727 4 NAVIGATION 0 2 0. 0. 0. 0. 0 0
15.747 4 GPS 0 66544824 531990784 0 65111 0 0 1645 410444250 32 0
15.795 4 WP_MOVED 9 665345.5 5320111.5 75. 32
15.795 4 DL_VALUE 4 80.
15.819 4 GPS 0 66544824 531990784 0 65111 0 0 1645 410444500 32 0
15.899 4 AIRSPEED 6.076556 13. 13. 7.
15.899 4 GPS_SOL 2971638 57944 9999 0
15.979 4 NAVIGATION 0 2 0. 0. 0. 0. 0 0
16.003 4 GPS 0 66544824 531990784 0 65111 0 0 1645 410444500 32 0
16.007 4 NAVIGATION 0 2 0. 0. 0. 0. 0 0
16.067 4 GPS 0 66544824 531990784 0 65111 0 0 1645 410444750 32 0
16.091 4 ATTITUDE 0.147734 0. 0.87875
16.191 4 ESTIMATOR 0. 0.
16.227 4 NAVIGATION 0 2 0. 0. 0. 0. 0 0
16.247 4 GPS 0 66544824 531990784 0 65111 0 0 1645 410444750 32 0
16.288 4 DOWNLINK_STATUS 17 10857 459 0 648. 27. -1.31127122867e+12
16.295 4 WP_MOVED 0 665502. 5319991. 75. 32
16.319 4 GPS 0 66544824 531990784 0 65111 0 0 1645 410445000 32 0
16.479 4 NAVIGATION 0 2 0. 0. 0. 0. 0 0
16.499 4 GPS 0 66544824 531990784 0 65111 0 0 1645 410445000 32 0
16.551 4 DESIRED 0. 0.03 0. 0. 0. 700. 0.
16.563 4 GPS 0 66544824 531990784 0 65111 0 0 1645 410445250 32 0
16.574 4 COMMANDS 0,80,-9600
16.595 4 ATTITUDE 0.147734 0. 0.87875
16.675 4 ACTUATORS 1290,1898,0,1157
16.695 4 ESTIMATOR 0. 0.
16.699 4 BAT 0 112 0 0 1 25 0 0
16.731 4 NAVIGATION 0 2 0. 0. 0. 0. 0 0
16.751 4 GPS 0 66544824 531990784 0 65111 0 0 1645 410445250 32 0
16.799 4 WP_MOVED 1 665460. 5319949. 75. 32
16.799 4 GYRO_RATES -65 -1.130033 0.
16.819 4 GPS 0 66544824 531990784 0 65111 0 0 1645 410445500 32 0
16.899 4 AIRSPEED 4.123383 13. 13. 7.
16.899 4 IR_SENSORS -65 72 137 7 94
16.979 4 NAVIGATION 0 2 0. 0. 0. 0. 0 0
17.003 4 GPS 0 66544824 531990784 0 65111 0 0 1645 410445500 32 0
17.007 4 NAVIGATION 0 2 0. 0. 0. 0. 0 0
17.071 4 GPS 0 66544824 531990784 0 65111 0 0 1645 410445750 32 0
17.075 4 SVINFO 9 16 12 5 35 51 302
17.091 4 ATTITUDE 0.179323 0. 0.882172
17.199 4 ESTIMATOR 0. 0.
17.199 4 CALIBRATION 0. 0
17.203 4 ENERGY 11.2 0. 0 0.
17.231 4 NAVIGATION 0 2 0. 0. 0. 0. 0 0
17.247 4 GPS 0 66544824 531990784 0 65111 0 0 1645 410445750 32 0
17.289 4 DOWNLINK_STATUS 18 11536 488 0 679. 29. -1.31127122867e+12
17.299 4 WP_MOVED 2 665509.5 5320029. 75. 32
17.299 4 DL_VALUE 5 2.
17.307 4 ALIVE 61,83,165,111,9,83,110,50,27,225,208,192,242,240,154,55
17.323 4 GPS 0 66544824 531990784 0 65111 0 0 1645 410446000 32 0
17.391 4 PPRZ_MODE 2 0 0 0 0 6
17.479 4 FBW_STATUS 2 0 1 112 0
17.483 4 NAVIGATION 0 2 0. 0. 0. 0. 0 0
17.499 4 GPS 0 66544824 531990784 0 65111 0 0 1645 410446000 32 0
17.571 4 GPS 0 66544824 531990784 0 65111 0 0 1645 410446250 32 0
17.603 4 ATTITUDE 0.147734 0. 0.87875
17.607 4 DESIRED 0. 0.02 0. 0. 0. 700. 0.
17.691 4 ESTIMATOR 0. 0.
17.731 4 NAVIGATION 0 2 0. 0. 0. 0. 0 0
17.751 4 GPS 0 66544824 531990784 0 65111 0 0 1645 410446250 32 0
17.799 4 WP_MOVED 3 665540. 5320049. 75. 32
17.799 4 BAT 0 112 0 0 1 26 0 0
17.823 4 GPS 0 66544824 531990784 0 65111 0 0 1645 410446500 32 0
17.903 4 AIRSPEED 3.9588 13. 13. 7.
17.903 4 GYRO_RATES -58 -1.008337 0.
17.906 4 GPS_SOL 3217204 57962 9999 0
17.979 4 NAVIGATION 0 2 0. 0. 0. 0. 0 0
18.007 4 GPS 0 66544824 531990784 0 65111 0 0 1645 410446500 32 0
18.011 4 NAVIGATION 0 2 0. 0. 0. 0. 0 0
18.011 4 DOWNLINK 0 666 742
18.071 4 GPS 0 66544824 531990784 0 65111 0 0 1645 410446750 32 0
18.095 4 ATTITUDE 0.158286 0. 0.888916
18.098 4 IR_SENSORS -65 74 139 9 94
18.191 4 ESTIMATOR 0. 0.
18.227 4 NAVIGATION 0 2 0. 0. 0. 0. 0 0
18.247 4 GPS 0 66544824 531990784 0 65111 0 0 1645 410446750 32 0
18.290 4 DOWNLINK_STATUS 19 12230 518 0 694. 30. -1.31127122867e+12
18.295 4 WP_MOVED 4 665470.125 5320139. 75. 32
18.327 4 GPS 0 66544824 531990784 0 65111 0 0 1645 410447000 32 0
18.479 4 NAVIGATION 0 2 0. 0. 0. 0. 0 0
18.499 4 GPS 0 66544824 531990784 0 65111 0 0 1645 410447000 32 0
18.571 4 GPS 0 66544824 531990784 0 65111 0 0 1645 410447250 32 0
18.591 4 ATTITUDE 0.252031 0. 0.905204
18.647 4 DESIRED 0. 0.02 0. 0. 0. 700. 0.
18.691 4 ESTIMATOR 0. 0.
18.727 4 NAVIGATION 0 2 0. 0. 0. 0. 0 0
18.747 4 GPS 0 66544824 531990784 0 65111 0 0 1645 410447250 32 0
18.795 4 WP_MOVED 5 665592.3125 5320088. 75. 32
18.795 4 DL_VALUE 6 0.
18.823 4 GPS 0 66544824 531990784 0 65111 0 0 1645 410447500 32 0
18.899 4 AIRSPEED 4.119243 13. 13. 7.
18.899 4 BAT 0 112 0 0 1 27 0 0
18.979 4 NAVIGATION 0 2 0. 0. 0. 0. 0 0
19.007 4 GPS 0 66544824 531990784 0 65111 0 0 1645 410447500 32 0
19.011 4 NAVIGATION 0 2 0. 0. 0. 0. 0 0
19.015 4 GYRO_RATES -65 -1.130033 0.
19.071 4 GPS 0 66544824 531990784 0 65111 0 0 1645 410447750 32 0
19.075 4 SVINFO 10 18 12 6 32 25 142
19.091 4 ATTITUDE 0.158286 0. 0.882172
19.191 4 ESTIMATOR 0. 0.
19.231 4 NAVIGATION 0 2 0. 0. 0. 0. 0 0
19.247 4 GPS 0 66544824 531990784 0 65111 0 0 1645 410447750 32 0
19.291 4 DOWNLINK_STATUS 20 12845 543 0 615. 25. -1.31127122867e+12
19.299 4 WP_MOVED 6 665597. 5319937.5 75. 32
19.299 4 IR_SENSORS -65 78 143 13 96
19.302 4 CALIBRATION 0. 0
19.335 4 GPS 0 66544824 531990784 0 65111 0 0 1645 410448000 32 0
19.479 4 FBW_STATUS 2 0 1 112 0
19.483 4 NAVIGATION 0 2 0. 0. 0. 0. 0 0
19.499 4 GPS 0 66544824 531990784 0 65111 0 0 1645 410448000 32 0
19.587 4 GPS 0 66544824 531990784 0 65111 0 0 1645 410448250 32 0
19.599 4 ATTITUDE 0.221072 0. 0.908368
19.602 4 NAVIGATION_REF 665460 5319949 32
19.703 4 ESTIMATOR 0. 0.
19.707 4 DESIRED 0. 0.01 0. 0. 0. 700. 0.
19.711 4 ENERGY 11.2 0. 0 0.
19.727 4 NAVIGATION 0 2 0. 0. 0. 0. 0 0
19.751 4 GPS 0 66544824 531990784 0 65111 0 0 1645 410448250 32 0
19.791 4 WP_MOVED 7 665340.8125 5320018.5 75. 32
19.823 4 GPS 0 66544824 531990784 0 65111 0 0 1645 410448500 32 0
19.895 4 AIRSPEED 5.775448 13. 13. 7.
19.898 4 GPS_SOL 3462818 57979 9999 0
19.979 4 NAVIGATION 0 2 0. 0. 0. 0. 0 0
20.007 4 GPS 0 66544824 531990784 0 65111 0 0 1645 410448500 32 0
20.011 4 NAVIGATION 0 2 0. 0. 0. 0. 0 0
20.015 4 BAT 0 112 0 0 1 28 0 0
20.067 4 GPS 0 66544824 531990784 0 65111 0 0 1645 410448750 32 0
20.095 4 ATTITUDE 0.147734 0. 0.885561
20.095 4 GYRO_RATES -60 -1.043107 0.
20.191 4 ESTIMATOR 0. 0.
20.231 4 NAVIGATION 0 2 0. 0. 0. 0. 0 0
20.247 4 GPS 0 66544824 531990784 0 65111 0 0 1645 410448750 32 0
20.292 4 DOWNLINK_STATUS 21 13528 572 0 683. 29. -1.31127123367e+12
20.295 4 WP_MOVED 8 665734.375 5320238.5 75. 32
20.299 4 DL_VALUE 7 1.
20.311 4 GPS 0 66544824 531990784 0 65111 0 0 1645 410449000 32 0
20.479 4 NAVIGATION 0 2 0. 0. 0. 0. 0 0
20.503 4 GPS 0 66544824 531990784 0 65111 0 0 1645 410449000 32 0
20.503 4 IR_SENSORS -65 77 142 12 96
20.567 4 GPS 0 66544824 531990784 0 65111 0 0 1645 410449250 32 0
20.591 4 ATTITUDE 0.169947 0. 0.883743
20.691 4 ESTIMATOR 0. 0.
20.727 4 NAVIGATION 0 2 0. 0. 0. 0. 0 0
20.759 4 GPS 0 66544824 531990784 0 65111 0 0 1645 410449250 32 0
20.763 4 DESIRED 0. 0.02 0. 0. 0. 700. 0.
20.795 4 WP_MOVED 9 665345.5 5320111.5 75. 32
20.823 4 GPS 0 66544824 531990784 0 65111 0 0 1645 410449500 32 0
20.895 4 AIRSPEED 4.151203 13. 13. 7.
20.979 4 NAVIGATION 0 2 0. 0. 0. 0. 0 0
21.003 4 GPS 0 66544824 531990784 0 65111 0 0 1645 410449500 32 0
21.007 4 NAVIGATION 0 2 0. 0. 0. 0. 0 0
21.071 4 GPS 0 66544824 531990784 0 65111 0 0 1645 410449750 32 0
21.095 4 ATTITUDE 0.169947 0. 0.883743
21.099 4 BAT 0 112 0 0 1 29 0 0
21.195 4 ESTIMATOR 0. 0.
21.199 4 GYRO_RATES -59 -1.025722 0.
21.231 4 NAVIGATION 0 2 0. 0. 0. 0. 0 0
21.247 4 GPS 0 66544824 531990784 0 65111 0 0 1645 410449750 32 0
21.291 4 WP_MOVED 0 665502. 5319991. 75. 32
21.293 4 DOWNLINK_STATUS 22 14165 598 0 637. 26. -1.31127123367e+12
21.315 4 GPS 0 66544824 531990784 0 65111 0 0 1645 410450000 32 0
21.315 4 SVINFO 13 30 0 5 34 -91 0
21.391 4 CALIBRATION 0. 0
21.479 4 FBW_STATUS 2 0 1 112 0
21.483 4 NAVIGATION 0 2 0. 0. 0. 0. 0 0
21.499 4 GPS 0 66544824 531990784 0 65111 0 0 1645 410450000 32 0
21.567 4 GPS 0 66544824 531990784 0 65111 0 0 1645 410450250 32 0
21.579 4 COMMANDS 0,-316,-9600
21.591 4 ATTITUDE 0.126575 0. 0.871803
21.675 4 ACTUATORS 1290,1891,0,1150
21.695 4 ESTIMATOR 0. 0.
21.695 4 IR_SENSORS -64 71 135 7 94
21.727 4 NAVIGATION 0 2 0. 0. 0. 0. 0 0
21.751 4 GPS 0 66544824 531990784 0 65111 0 0 1645 410450250 32 0
21.803 4 WP_MOVED 1 665460. 5319949. 75. 32
21.811 4 DESIRED 0. 0.02 0. 0. 0. 700. 0.
21.811 4 DL_VALUE 8 0.
21.823 4 GPS 0 66544824 531990784 0 65111 0 0 1645 410450500 32 0
21.895 4 AIRSPEED 3.16769 13. 13. 7.
21.898 4 GPS_SOL 3708482 57996 9999 0
21.979 4 NAVIGATION 0 2 0. 0. 0. 0. 0 0
22.003 4 GPS 0 66544824 531990784 0 65111 0 0 1645 410450500 32 0
22.007 4 NAVIGATION 0 2 0. 0. 0. 0. 0 0
22.071 4 GPS 0 66544824 531990784 0 65111 0 0 1645 410450750 32 0
22.091 4 ATTITUDE 0.169947 0. 0.890527
22.199 4 ESTIMATOR 0. 0.
22.203 4 BAT 0 112 0 0 1 30 0 0
22.207 4 ENERGY 11.2 0. 0 0.
22.227 4 NAVIGATION 0 2 0. 0. 0. 0. 0 0
22.247 4 GPS 0 66544824 531990784 0 65111 0 0 1645 410450750 32 0
22.294 4 DOWNLINK_STATUS 23 14850 628 0 685. 30. -1.31127123367e+12
22.299 4 WP_MOVED 2 665509.5 5320029. 75. 32
22.303 4 GYRO_RATES -63 -1.095262 0.
22.307 4 ALIVE 61,83,165,111,9,83,110,50,27,225,208,192,242,240,154,55
22.319 4 GPS 0 66544824 531990784 0 65111 0 0 1645 410451000 32 0
22.387 4 PPRZ_MODE 2 0 0 0 0 6
22.479 4 NAVIGATION 4 0 0. 0. 0. 0. 0 0
22.499 4 GPS 0 66544824 531990784 0 65111 0 0 1645 410451000 32 0
22.571 4 GPS 0 66544824 531990784 0 65111 0 0 1645 410451250 32 0
22.591 4 ATTITUDE 0.231429 0. 0.905204
22.691 4 ESTIMATOR 0. 0.
22.731 4 NAVIGATION 4 0 0. 0. 0. 0. 0 0
22.751 4 GPS 0 66544824 531990784 0 65111 0 0 1645 410451250 32 0
22.755 4 CIRCLE 49.5 80.099998 80.
22.795 4 WP_MOVED 3 665540. 5320049. 75. 32
22.819 4 GPS 0 66544824 531990784 0 65111 0 0 1645 410451500 32 0
22.847 4 DESIRED -0.1 0.04 5.5 -44. 44. 75. 0.1
22.899 4 AIRSPEED 5.284874 13. 13. 7.
22.899 4 IR_SENSORS -63 72 135 9 93
22.979 4 NAVIGATION 4 0 0. 0. 0. 0. 0 0
22.994 4 WIND_INFO 4 42 0. 0. 0.
23.003 4 GPS 0 66544824 531990784 0 65111 0 0 1645 410451500 32 0
23.007 4 NAVIGATION 4 0 0. 0. 0. 0. 0 0
23.071 4 GPS 0 66544824 531990784 0 65111 0 0 1645 410451750 32 0
23.095 4 ATTITUDE 0.168816 0. 0.885561
23.095 4 DOWNLINK 0 654 882
23.191 4 ESTIMATOR 0. 0.
23.231 4 NAVIGATION 4 0 0. 0. 0. 0. 0 0
23.247 4 GPS 0 66544824 531990784 0 65111 0 0 1645 410451750 32 0
23.295 4 DOWNLINK_STATUS 24 15500 655 0 650. 27. -1.31127123367e+12
23.299 4 WP_MOVED 4 665470.125 5320139. 75. 32
23.299 4 BAT 0 112 0 0 1 0 0 0
23.302 4 DL_VALUE 9 0.
23.319 4 GPS 0 66544824 531990784 0 65111 0 0 1645 410452000 32 0
23.391 4 GYRO_RATES -58 -1.008337 0.
23.479 4 FBW_STATUS 2 0 1 112 0
23.483 4 NAVIGATION 4 0 0. 0. 0. 0. 0 0
23.499 4 GPS 0 66544824 531990784 0 65111 0 0 1645 410452000 32 0
23.503 4 CALIBRATION 0. 1
23.567 4 GPS 0 66544824 531990784 0 65111 0 0 1645 410452250 32 0
23.591 4 ATTITUDE 0.137163 0. 0.875294
23.691 4 ESTIMATOR 0. 0.
23.731 4 NAVIGATION 4 0 0. 0. 0. 0. 0 0
23.747 4 GPS 0 66544824 531990784 0 65111 0 0 1645 410452250 32 0
23.799 4 WP_MOVED 5 665592.3125 5320088. 75. 32
23.799 4 CIRCLE 49.5 80.099998 80.
23.819 4 GPS 0 66544824 531990784 0 65111 0 0 1645 410452500 32 0
23.907 4 AIRSPEED 2.27684 13. 23.5 7.
23.911 4 DESIRED -0.5 0.1 5.5 -44. 44. 75. 0.6
23.915 4 GPS_SOL 3954195 58013 9999 0
23.979 4 NAVIGATION 4 0 0. 0. 0. 0. 0 0
24.003 4 GPS 0 66544824 531990784 0 65111 0 0 1645 410452500 32 0
24.007 4 NAVIGATION 4 0 0. 0. 0. 0. 0 0
24.067 4 GPS 0 66544824 531990784 0 65111 0 0 1645 410452750 32 0
24.095 4 ATTITUDE 0.168816 0. 0.885561
24.095 4 IR_SENSORS -64 74 138 10 94
24.191 4 ESTIMATOR 0. 0.
24.231 4 NAVIGATION 4 0 0. 0. 0. 0. 0 0
24.246 4 GPS 0 66544824 531990784 0 65111 0 0 1645 410452750 32 0
24.291 4 WP_MOVED 6 665597. 5319937.5 75. 32
24.295 4 DOWNLINK_STATUS 25 16197 685 0 697. 30. -1.31127123367e+12
24.327 4 GPS 0 66544824 531990784 0 65111 0 0 1645 410453000 32 0
24.395 4 BAT 0 112 0 0 1 1 1 0
24.479 4 NAVIGATION 4 0 0. 0. 0. 0. 0 0
24.503 4 GPS 0 66544824 531990784 0 65111 0 0 1645 410453000 32 0
24.503 4 GYRO_RATES -64 -1.112647 0.
24.571 4 GPS 0 66544824 531990784 0 65111 0 0 1645 410453250 32 0
24.591 4 ATTITUDE 0.231429 0. 0.905204
24.695 4 ESTIMATOR 0. 0.
24.695 4 ENERGY 11.2 0. 0 0.
24.727 4 NAVIGATION 4 0 0. 0. 0. 0. 0 0
24.751 4 GPS 0 66544824 531990784 0 65111 0 0 1645 410453250 32 0
24.795 4 WP_MOVED 7 665340.8125 5320018.5 75. 32
24.795 4 DL_VALUE 10 -0.062832
24.811 4 GPS 0 66544824 531990784 0 65111 0 0 1645 410453500 32 0
24.843 4 CIRCLE 49.5 80.099998 80.
24.895 4 AIRSPEED 4.013026 13. 24. 7.
24.951 4 DESIRED -0.6 0.17 5.5 -44. 44. 75. 1.1
24.979 4 NAVIGATION 4 0 0. 0. 0. 0. 0 0
25.003 4 GPS 0 66544824 531990784 0 65111 0 0 1645 410453500 32 0
25.007 4 NAVIGATION 4 0 0. 0. 0. 0. 0 0
25.059 4 GPS 0 66544824 531990784 0 65111 0 0 1645 410453750 32 0
25.095 4 ATTITUDE 0.115973 0. 0.875294
25.191 4 ESTIMATOR 0. 0.
25.227 4 NAVIGATION 4 0 0. 0. 0. 0. 0 0
25.251 4 GPS 0 66544824 531990784 0 65111 0 0 1645 410453750 32 0
25.295 4 WP_MOVED 8 665734.375 5320238.5 75. 32
25.296 4 DOWNLINK_STATUS 26 16836 711 0 639. 26. -1.31127123867e+12
25.298 4 IR_SENSORS -63 78 141 15 93
25.343 4 GPS 0 66544824 531990784 0 65111 0 0 1645 410454000 32 0
25.347 4 SVINFO 14 30 0 6 34 -91 0
25.479 4 FBW_STATUS 2 0 1 112 0
25.483 4 NAVIGATION 4 0 0. 0. 0. 0. 0 0
25.503 4 GPS 0 66544824 531990784 0 65111 0 0 1645 410454000 32 0
25.503 4 BAT 0 112 0 0 1 3 3 0
25.575 4 GPS 0 66544824 531990784 0 65111 0 0 1645 410454250 32 0
25.579 4 SVINFO 8 16 12 5 35 51 302
25.579 4 SVINFO 9 18 12 5 31 25 142
25.599 4 ATTITUDE 0.179323 0. 0.888916
25.599 4 GYRO_RATES -60 -1.043107 0.
25.599 4 CALIBRATION 0. 1
25.691 4 ESTIMATOR 0. 0.
25.727 4 NAVIGATION 4 0 0. 0. 0. 0. 0 0
25.747 4 GPS 0 66544824 531990784 0 65111 0 0 1645 410454250 32 0
25.795 4 WP_MOVED 9 665345.5 5320111.5 75. 32
25.811 4 GPS 0 66544824 531990784 0 65111 0 0 1645 410454500 32 0
25.903 4 AIRSPEED 5.495393 13. 24. 7.
25.903 4 CIRCLE 49.5 80.099998 80.
25.907 4 GPS_SOL 4199956 58031 9999 0
25.979 4 NAVIGATION 4 0 0. 0. 0. 0. 0 0
26.007 4 GPS 0 66544824 531990784 0 65111 0 0 1645 410454500 32 0
26.015 4 NAVIGATION 4 0 0. 0. 0. 0. 0 0
26.019 4 DESIRED -0.6 0.27 5.5 -44. 44. 75. 1.8
26.063 4 GPS 0 66544824 531990784 0 65111 0 0 1645 410454750 32 0
26.091 4 ATTITUDE 0.137163 0. 0.875294
26.191 4 ESTIMATOR 0. 0.
26.231 4 NAVIGATION 4 0 0. 0. 0. 0. 0 0
26.247 4 GPS 0 66544824 531990784 0 65111 0 0 1645 410454750 32 0
26.295 4 WP_MOVED 0 665502. 5319991. 75. 32
26.295 4 DL_VALUE 11 0.087266
26.297 4 DOWNLINK_STATUS 27 17555 743 0 719. 32. -1.31127123867e+12
26.323 4 GPS 0 66544824 531990784 0 65111 0 0 1645 410455000 32 0
26.483 4 NAVIGATION 4 0 0. 0. 0. 0. 0 0
26.503 4 GPS 0 66544824 531990784 0 65111 0 0 1645 410455000 32 0
26.507 4 SVINFO 8 16 12 6 34 51 302
26.507 4 IR_SENSORS -63 78 141 15 93
26.567 4 GPS 0 66544824 531990784 0 65111 0 0 1645 410455250 32 0
26.571 4 SVINFO 9 18 12 5 30 25 142
26.574 4 COMMANDS 0,4742,-7767
26.595 4 ATTITUDE 0.212248 0. 0.897177
26.599 4 BAT 0 112 0 0 1 4 4 0
26.675 4 ACTUATORS 1290,1638,0,1071
26.695 4 ESTIMATOR 0. 0.
26.695 4 GYRO_RATES -57 -0.990952 0.
26.731 4 NAVIGATION 4 0 0. 0. 0. 0. 0 0
26.751 4 GPS 0 66544824 531990784 0 65111 0 0 1645 410455250 32 0
26.791 4 WP_MOVED 1 665460. 5319949. 75. 32
26.815 4 GPS 0 66544824 531990784 0 65111 0 0 1645 410455500 32 0
26.895 4 AIRSPEED 3.495544 13. 24. 7.
26.943 4 CIRCLE 49.5 80.099998 80.
26.979 4 NAVIGATION 4 0 0. 0. 0. 0. 0 0
27.003 4 GPS 0 66544824 531990784 0 65111 0 0 1645 410455500 32 0
27.007 4 NAVIGATION 4 0 0. 0. 0. 0. 0 0
27.047 4 DESIRED -0.6 0.27 5.5 -44. 44. 75. 2.2
27.071 4 GPS 0 66544824 531990784 0 65111 0 0 1645 410455750 32 0
27.091 4 ATTITUDE 0.187187 0. 0.882456
27.195 4 ESTIMATOR 0. 0.
27.199 4 ENERGY 11.2 0. 0 0.
27.231 4 NAVIGATION 4 0 0. 0. 0. 0. 0 0
27.247 4 GPS 0 66544824 531990784 0 65111 0 0 1645 410455750 32 0
27.298 4 WP_MOVED 2 665509.5 5320029. 75. 32
27.298 4 DOWNLINK_STATUS 28 18255 773 0 700. 30. -1.31127123867e+12
27.303 4 ALIVE 61,83,165,111,9,83,110,50,27,225,208,192,242,240,154,55
27.319 4 GPS 0 66544824 531990784 0 65111 0 0 1645 410456000 32 0
27.391 4 PPRZ_MODE 2 3 3 2 0 6
27.479 4 FBW_STATUS 2 0 1 112 0
27.483 4 NAVIGATION 4 0 0. 0. 0. 0. 0 0
27.499 4 GPS 0 66544824 531990784 0 65111 0 0 1645 410456000 32 0
27.579 4 GPS 0 66544824 531990784 0 65111 0 0 1645 410456250 32 0
27.595 4 ATTITUDE 0.179323 0. 0.888916
27.703 4 ESTIMATOR 0. 0.
27.703 4 BAT 0 112 0 0 1 5 5 0
27.706 4 IR_SENSORS -64 70 134 6 94
27.707 4 CALIBRATION 0. 1
27.727 4 NAVIGATION 4 0 0. 0. 0. 0. 0 0
27.747 4 GPS 0 66544824 531990784 0 65111 0 0 1645 410456250 32 0
27.799 4 WP_MOVED 3 665540. 5320049. 75. 32
27.803 4 GYRO_RATES -65 -1.130033 0.
27.803 4 DL_VALUE 0 75.
27.815 4 GPS 0 66544824 531990784 0 65111 0 0 1645 410456500 32 0
27.899 4 AIRSPEED 4.656312 13. 24. 7.
27.899 4 GPS_SOL 4445766 58048 9999 0
27.979 4 NAVIGATION 4 0 0. 0. 0. 0. 0 0
28.007 4 GPS 0 66544824 531990784 0 65111 0 0 1645 410456500 32 0
28.011 4 NAVIGATION 4 0 0. 0. 0. 0. 0 0
28.015 4 CIRCLE 49.5 80.099998 80.
28.067 4 GPS 0 66544824 531990784 0 65111 0 0 1645 410456750 32 0
28.099 4 ATTITUDE 0.158286 0. 0.882172
28.103 4 DESIRED -0.6 0.27 5.5 -44. 44. 75. 2.8
28.191 4 ESTIMATOR 0. 0.
28.191 4 DOWNLINK 0 680 1032
28.231 4 NAVIGATION 4 0 0. 0. 0. 0. 0 0
28.247 4 GPS 0 66544824 531990784 0 65111 0 0 1645 410456750 32 0
28.291 4 WP_MOVED 4 665470.125 5320139. 75. 32
28.298 4 DOWNLINK_STATUS 29 18978 805 0 723. 32. -1.31127123867e+12
28.319 4 GPS 0 66544824 531990784 0 65111 0 0 1645 410457000 32 0
28.323 4 SVINFO 8 16 12 6 35 51 302
28.479 4 NAVIGATION 4 0 0. 0. 0. 0. 0 0
28.499 4 GPS 0 66544824 531990784 0 65111 0 0 1645 410457000 32 0
28.499 4 SVINFO 9 18 12 6 31 25 142
28.571 4 GPS 0 66544824 531990784 0 65111 0 0 1645 410457250 32 0
28.595 4 ATTITUDE 0.254016 0. 0.916358
28.599 4 NAVIGATION_REF 665460 5319949 32
28.687 4 ESTIMATOR 0. 0.
28.731 4 NAVIGATION 4 0 0. 0. 0. 0. 0 0
28.747 4 GPS 0 66544824 531990784 0 65111 0 0 1645 410457250 32 0
28.795 4 WP_MOVED 5 665592.3125 5320088. 75. 32
28.799 4 BAT 0 112 0 0 1 6 6 0
28.831 4 GPS 0 66544824 531990784 0 65111 0 0 1645 410457500 32 0
28.899 4 AIRSPEED 3.391989 13. 24. 7.
28.903 4 GYRO_RATES -66 -1.147418 0.
28.906 4 IR_SENSORS -64 79 143 15 94
28.979 4 NAVIGATION 4 0 0. 0. 0. 0. 0 0
29.003 4 GPS 0 66544824 531990784 0 65111 0 0 1645 410457500 32 0
29.007 4 NAVIGATION 4 0 0. 0. 0. 0. 0 0
29.043 4 CIRCLE 49.5 80.099998 80.
29.067 4 GPS 0 66544824 531990784 0 65111 0 0 1645 410457750 32 0
29.091 4 ATTITUDE 0.31281 0. 0.929675
29.147 4 DESIRED -0.6 0.28 5.5 -44. 44. 75. 3.2
29.191 4 ESTIMATOR 0. 0.
29.227 4 NAVIGATION 4 0 0. 0. 0. 0. 0 0
29.247 4 GPS 0 66544824 531990784 0 65111 0 0 1645 410457750 32 0
29.295 4 WP_MOVED 6 665597. 5319937.5 75. 32
29.297 4 DL_VALUE 1 0.
29.299 4 DOWNLINK_STATUS 30 19656 834 0 678. 29. -1.31127123867e+12
29.310 4 GPS 0 66544824 531990784 0 65111 0 0 1645 410458000 32 0
29.479 4 FBW_STATUS 2 0 1 112 0
29.483 4 NAVIGATION 4 0 0. 0. 0. 0. 0 0
29.499 4 GPS 0 66544824 531990784 0 65111 0 0 1645 410458000 32 0
29.567 4 GPS 0 66544824 531990784 0 65111 0 0 1645 410458250 32 0
29.595 4 ATTITUDE 0.292736 0. 0.929675
29.695 4 ESTIMATOR 0. 0.
29.699 4 ENERGY 11.2 0. 0 0.
29.727 4 NAVIGATION 4 0 0. 0. 0. 0. 0 0
29.747 4 GPS 0 66544824 531990784 0 65111 0 0 1645 410458250 32 0
29.795 4 WP_MOVED 7 665340.8125 5320018.5 75. 32
29.795 4 CALIBRATION 0. 1
29.811 4 GPS 0 66544824 531990784 0 65111 0 0 1645 410458500 32 0
29.899 4 AIRSPEED 4.026964 13. 24. 7.
29.903 4 BAT 0 112 0 0 1 7 7 0
29.906 4 GPS_SOL 4691626 58065 9999 0
29.979 4 NAVIGATION 4 0 0. 0. 0. 0. 0 0
30.007 4 GPS 0 66544824 531990784 0 65111 0 0 1645 410458500 32 0
30.011 4 NAVIGATION 4 0 0. 0. 0. 0. 0 0
30.014 4 GYRO_RATES -81 -1.408194 0.
30.063 4 GPS 0 66544824 531990784 0 65111 0 0 1645 410458750 32 0
30.099 4 ATTITUDE 0.315386 0. 0.922505
30.103 4 CIRCLE 49.5 80.099998 80.
30.103 4 IR_SENSORS -62 86 148 24 93
30.199 4 ESTIMATOR 0. 0.
30.203 4 DESIRED -0.6 0.28 5.5 -44. 44. 75. 3.8
30.231 4 NAVIGATION 4 0 0. 0. 0. 0. 0 0
30.251 4 GPS 0 66544824 531990784 0 65111 0 0 1645 410458750 32 0
30.254 4 SVINFO 8 16 12 4 34 51 302
30.291 4 WP_MOVED 8 665734.375 5320238.5 75. 32
30.300 4 DOWNLINK_STATUS 31 20356 864 0 700. 30. -1.31127124368e+12
30.319 4 GPS 0 66544824 531990784 0 65111 0 0 1645 410459000 32 0
30.479 4 NAVIGATION 4 0 0. 0. 0. 0. 0 0
30.495 4 GPS 0 66544824 531990784 0 65111 0 0 1645 410459000 32 0
30.571 4 GPS 0 66544824 531990784 0 65111 0 0 1645 410459250 32 0
30.595 4 ATTITUDE 0.342536 0. 0.93838
30.691 4 ESTIMATOR 0. 0.
30.731 4 NAVIGATION 4 0 0. 0. 0. 0. 0 0
30.747 4 GPS 0 66544824 531990784 0 65111 0 0 1645 410459250 32 0
30.795 4 WP_MOVED 9 665345.5 5320111.5 75. 32
30.795 4 DL_VALUE 2 0.
30.811 4 GPS 0 66544824 531990784 0 65111 0 0 1645 410459500 32 0
30.895 4 AIRSPEED 3.728173 13. 24. 7.
30.979 4 NAVIGATION 4 0 0. 0. 0. 0. 0 0
31.007 4 GPS 0 66544824 531990784 0 65111 0 0 1645 410459500 32 0
31.011 4 NAVIGATION 4 0 0. 0. 0. 0. 0 0
31.015 4 BAT 0 112 0 0 1 8 8 0
31.067 4 GPS 0 66544824 531990784 0 65111 0 0 1645 410459750 32 0
31.095 4 ATTITUDE 0.31281 0. 0.929675
31.099 4 GYRO_RATES -76 -1.321269 0.
31.143 4 CIRCLE 49.5 80.099998 80.
31.191 4 ESTIMATOR 0. 0.
31.231 4 NAVIGATION 4 0 0. 0. 0. 0. 0 0
31.255 4 GPS 0 66544824 531990784 0 65111 0 0 1645 410459750 32 0
31.259 4 DESIRED -0.6 0.29 5.5 -44. 44. 75. 4.
31.295 4 WP_MOVED 0 665502. 5319991. 75. 32
31.295 4 IR_SENSORS -65 94 159 29 96
31.300 4 DOWNLINK_STATUS 32 20991 890 0 635. 26. -1.31127124368e+12
31.327 4 GPS 0 66544824 531990784 0 65111 0 0 1645 410460000 32 0
31.479 4 FBW_STATUS 2 0 1 112 0
31.483 4 NAVIGATION 4 0 0. 0. 0. 0. 0 0
31.499 4 GPS 0 66544824 531990784 0 65111 0 0 1645 410460000 32 0
31.579 4 GPS 0 66544824 531990784 0 65111 0 0 1645 410460250 32 0
31.579 4 COMMANDS 0,5082,-7854
31.591 4 ATTITUDE 0.362078 0. 0.93838
31.675 4 ACTUATORS 1290,1628,0,1008
31.690 4 ESTIMATOR 0. 0.
31.731 4 NAVIGATION 4 0 0. 0. 0. 0. 0 0
31.751 4 GPS 0 66544824 531990784 0 65111 0 0 1645 410460250 32 0
31.791 4 WP_MOVED 1 665460. 5319949. 75. 32
31.815 4 GPS 0 66544824 531990784 0 65111 0 0 1645 410460500 32 0
31.899 4 AIRSPEED 2.407208 13. 24. 7.
31.899 4 GPS_SOL 4937533 58082 9999 0
31.902 4 CALIBRATION 0. 1
31.979 4 NAVIGATION 4 0 0. 0. 0. 0. 0 0
32.003 4 GPS 0 66544824 531990784 0 65111 0 0 1645 410460500 32 0
32.007 4 NAVIGATION 4 0 0. 0. 0. 0. 0 0
32.067 4 GPS 0 66544824 531990784 0 65111 0 0 1645 410460750 32 0
32.099 4 ATTITUDE 0.31281 0. 0.929675
32.099 4 BAT 0 112 0 0 1 9 9 0
32.203 4 ESTIMATOR 0. 0.
32.203 4 CIRCLE 49.5 80.099998 80.
32.207 4 GYRO_RATES -74 -1.286499 0.
32.211 4 ENERGY 11.2 0. 0 0.
32.227 4 NAVIGATION 4 0 0. 0. 0. 0. 0 0
32.247 4 GPS 0 66544824 531990784 0 65111 0 0 1645 410460750 32 0
32.301 4 DOWNLINK_STATUS 33 21635 918 0 644. 28. -1.31127124368e+12
32.307 4 WP_MOVED 2 665509.5 5320029. 75. 32
32.311 4 DESIRED -0.6 0.29 5.5 -44. 44. 75. 4.
32.311 4 DL_VALUE 3 0.
32.319 4 ALIVE 61,83,165,111,9,83,110,50,27,225,208,192,242,240,154,55
32.323 4 GPS 0 66544824 531990784 0 65111 0 0 1645 410461000 32 0
32.395 4 PPRZ_MODE 2 3 3 2 0 6
32.479 4 NAVIGATION 4 0 0. 0. 0. 0. 0 0
32.499 4 GPS 0 66544824 531990784 0 65111 0 0 1645 410461000 32 0
32.503 4 IR_SENSORS -64 90 154 26 94
32.583 4 GPS 0 66544824 531990784 0 65111 0 0 1645 410461250 32 0
32.591 4 ATTITUDE 0.381388 0. 0.955069
32.687 4 ESTIMATOR 0. 0.
32.727 4 NAVIGATION 4 0 0. 0. 0. 0. 0 0
32.747 4 GPS 0 66544824 531990784 0 65111 0 0 1645 410461250 32 0
32.791 4 WP_MOVED 3 665540. 5320049. 75. 32
32.831 4 GPS 0 66544824 531990784 0 65111 0 0 1645 410461500 32 0
32.891 4 AIRSPEED 4.724579 13. 24. 7.
32.979 4 NAVIGATION 4 0 0. 0. 0. 0. 0 0
32.995 4 WIND_INFO 4 42 0. 0. 0.
33.003 4 GPS 0 66544824 531990784 0 65111 0 0 1645 410461500 32 0
33.007 4 NAVIGATION 4 0 0. 0. 0. 0. 0 0
33.075 4 GPS 0 66544824 531990784 0 65111 0 0 1645 410461750 32 0
33.091 4 ATTITUDE 0.355275 0. 0.940251
33.195 4 ESTIMATOR 0. 0.
33.199 4 BAT 0 112 0 0 1 10 10 0
33.227 4 NAVIGATION 4 0 0. 0. 0. 0. 0 0
33.251 4 GPS 0 66544824 531990784 0 65111 0 0 1645 410461750 32 0
33.255 4 CIRCLE 49.5 80.099998 80.
33.299 4 WP_MOVED 4 665470.125 5320139. 75. 32
33.299 4 GYRO_RATES -82 -1.425579 0.
33.301 4 DOWNLINK 0 673 1178
33.301 4 DOWNLINK_STATUS 34 22336 948 0 701. 30. -1.31127124368e+12
33.331 4 GPS 0 66544824 531990784 0 65111 0 0 1645 410462000 32 0
33.351 4 DESIRED -0.6 0.29 5.5 -44. 44. 75. 4.
33.479 4 FBW_STATUS 2 0 1 112 0
33.482 4 NAVIGATION 4 0 0. 0. 0. 0. 0 0
33.500 4 GPS 0 66544824 531990784 0 65111 0 0 1645 410462000 32 0
33.587 4 GPS 0 66544824 531990784 0 65111 0 0 1645 410462250 32 0
33.595 4 ATTITUDE 0.352336 0. 0.946842
33.691 4 ESTIMATOR 0. 0.
33.694 4 IR_SENSORS -64 87 151 23 94
33.727 4 NAVIGATION 4 0 0. 0. 0. 0. 0 0
33.747 4 GPS 0 66544824 531990784 0 65111 0 0 1645 410462250 32 0
33.795 4 WP_MOVED 5 665592.3125 5320088. 75. 32
33.798 4 DL_VALUE 4 80.
33.819 4 GPS 0 66544824 531990784 0 65111 0 0 1645 410462500 32 0
33.899 4 AIRSPEED 1.607076 13. 24. 7.
33.899 4 GPS_SOL 5183490 58099 9999 0
33.979 4 NAVIGATION 4 0 0. 0. 0. 0. 0 0
34.007 4 GPS 0 66544824 531990784 0 65111 0 0 1645 410462500 32 0
34.007 4 NAVIGATION 4 0 0. 0. 0. 0. 0 0
34.010 4 CALIBRATION 0. 1
34.075 4 GPS 0 66544824 531990784 0 65111 0 0 1645 410462750 32 0
34.095 4 ATTITUDE 0.362078 0. 0.944048
34.191 4 ESTIMATOR 0. 0.
34.231 4 NAVIGATION 4 0 0. 0. 0. 0. 0 0
34.247 4 GPS 0 66544824 531990784 0 65111 0 0 1645 410462750 32 0
34.299 4 WP_MOVED 6 665597. 5319937.5 75. 32
34.302 4 CIRCLE 49.5 80.099998 80.
34.344 4 DOWNLINK_STATUS 35 22977 975 0 641. 27. -1.31127124368e+12
34.344 4 BAT 0 112 0 0 1 11 11 0
34.345 4 GPS 0 66544824 531990784 0 65111 0 0 1645 410463000 32 0
34.399 4 DESIRED -0.6 0.28 5.5 -44. 44. 75. 4.
34.402 4 GYRO_RATES -75 -1.303884 0.
34.479 4 NAVIGATION 4 0 0. 0. 0. 0. 0 0
34.499 4 GPS 0 66544824 531990784 0 65111 0 0 1645 410463000 32 0
34.567 4 GPS 0 66544824 531990784 0 65111 0 0 1645 410463250 32 0
34.591 4 ATTITUDE 0.342536 0. 0.93838
34.695 4 ESTIMATOR 0. 0.
34.699 4 ENERGY 11.2 0. 0 0.
34.727 4 NAVIGATION 4 0 0. 0. 0. 0. 0 0
34.747 4 GPS 0 66544824 531990784 0 65111 0 0 1645 410463250 32 0
34.791 4 WP_MOVED 7 665340.8125 5320018.5 75. 32
34.811 4 GPS 0 66544824 531990784 0 65111 0 0 1645 410463500 32 0
34.899 4 AIRSPEED 3.327229 13. 24. 7.
34.899 4 IR_SENSORS -63 87 150 24 93
34.975 4 NAVIGATION 4 0 0. 0. 0. 0. 0 0
35.003 4 GPS 0 66544824 531990784 0 65111 0 0 1645 410463500 32 0
35.007 4 NAVIGATION 4 0 0. 0. 0. 0. 0 0
35.071 4 GPS 0 66544824 531990784 0 65111 0 0 1645 410463750 32 0
35.091 4 ATTITUDE 0.342536 0. 0.93838
35.191 4 ESTIMATOR 0. 0.
35.227 4 NAVIGATION 4 0 0. 0. 0. 0. 0 0
35.247 4 GPS 0 66544824 531990784 0 65111 0 0 1645 410463750 32 0
35.295 4 WP_MOVED 8 665734.375 5320238.5 75. 32
35.295 4 DL_VALUE 5 2.
35.303 4 DOWNLINK_STATUS 36 23614 1001 0 637. 26. -1.31127124868e+12
35.327 4 GPS 0 66544824 531990784 0 65111 0 0 1645 410464000 32 0
35.343 4 CIRCLE 49.5 80.099998 80.
35.391 4 BAT 0 112 0 0 1 12 12 0
35.447 4 DESIRED -0.6 0.28 5.5 -44. 44. 75. 4.
35.479 4 FBW_STATUS 2 0 1 112 0
35.483 4 NAVIGATION 4 0 0. 0. 0. 0. 0 0
35.499 4 GPS 0 66544824 531990784 0 65111 0 0 1645 410464000 32 0
35.503 4 GYRO_RATES -83 -1.442965 0.
35.571 4 GPS 0 66544824 531990784 0 65111 0 0 1645 410464250 32 0
35.591 4 ATTITUDE 0.352336 0. 0.941227
35.687 4 ESTIMATOR 0. 0.
35.731 4 NAVIGATION 4 0 0. 0. 0. 0. 0 0
35.747 4 GPS 0 66544824 531990784 0 65111 0 0 1645 410464250 32 0
35.791 4 WP_MOVED 9 665345.5 5320111.5 75. 32
35.815 4 GPS 0 66544824 531990784 0 65111 0 0 1645 410464500 32 0
35.819 4 SVINFO 8 16 12 6 35 51 302
35.899 4 AIRSPEED 7.510444 13. 24. 7.
35.899 4 GPS_SOL 5429496 58117 9999 0
35.979 4 NAVIGATION 4 0 0. 0. 0. 0. 0 0
36.003 4 GPS 0 66544824 531990784 0 65111 0 0 1645 410464500 32 0
36.007 4 NAVIGATION 4 0 0. 0. 0. 0. 0 0
36.067 4 GPS 0 66544824 531990784 0 65111 0 0 1645 410464750 32 0
36.095 4 ATTITUDE 0.31759 0. 0.929
36.099 4 IR_SENSORS -65 90 155 25 96
36.099 4 CALIBRATION 0. 1
36.191 4 ESTIMATOR 0. 0.
36.227 4 NAVIGATION 4 0 0. 0. 0. 0. 0 0
36.247 4 GPS 0 66544824 531990784 0 65111 0 0 1645 410464750 32 0
36.295 4 WP_MOVED 0 665502. 5319991. 75. 32
36.304 4 DOWNLINK_STATUS 37 24294 1030 0 680. 29. -1.31127124868e+12
36.323 4 GPS 0 66544824 531990784 0 65111 0 0 1645 410465000 32 0
36.391 4 CIRCLE 49.5 80.099998 80.
36.479 4 NAVIGATION 4 0 0. 0. 0. 0. 0 0
36.507 4 GPS 0 66544824 531990784 0 65111 0 0 1645 410465000 32 0
36.515 4 DESIRED -0.6 0.28 5.5 -44. 44. 75. 4.
36.515 4 BAT 0 112 0 0 1 14 14 0
36.579 4 COMMANDS 0,5129,-7812
36.587 4 GPS 0 66544824 531990784 0 65111 0 0 1645 410465250 32 0
36.595 4 ATTITUDE 0.390952 0. 0.946842
36.599 4 GYRO_RATES -82 -1.425579 0.
36.675 4 ACTUATORS 1290,1606,0,1021
36.691 4 ESTIMATOR 0. 0.
36.727 4 NAVIGATION 4 0 0. 0. 0. 0. 0 0
36.747 4 GPS 0 66544824 531990784 0 65111 0 0 1645 410465250 32 0
36.795 4 WP_MOVED 1 665460. 5319949. 75. 32
36.795 4 DL_VALUE 6 0.
36.827 4 GPS 0 66544824 531990784 0 65111 0 0 1645 410465500 32 0
36.895 4 AIRSPEED 3.207413 13. 24. 7.
36.979 4 NAVIGATION 4 0 0. 0. 0. 0. 0 0
37.003 4 GPS 0 66544824 531990784 0 65111 0 0 1645 410465500 32 0
37.007 4 NAVIGATION 4 0 0. 0. 0. 0. 0 0
37.075 4 GPS 0 66544824 531990784 0 65111 0 0 1645 410465750 32 0
37.091 4 ATTITUDE 0.362078 0. 0.944048
37.195 4 ESTIMATOR 0. 0.
37.195 4 ENERGY 11.2 0. 0 0.
37.231 4 NAVIGATION 4 0 0. 0. 0. 0. 0 0
37.247 4 GPS 0 66544824 531990784 0 65111 0 0 1645 410465750 32 0
37.299 4 WP_MOVED 2 665509.5 5320029. 75. 32
37.302 4 IR_SENSORS -65 95 160 30 94
37.305 4 ALIVE 61,83,165,111,9,83,110,50,27,225,208,192,242,240,154,55
37.305 4 DOWNLINK_STATUS 38 25000 1060 0 706. 30. -1.31127124868e+12
37.339 4 GPS 0 66544824 531990784 0 65111 0 0 1645 410466000 32 0
37.391 4 PPRZ_MODE 2 3 3 2 0 6
37.443 4 CIRCLE 49.5 80.099998 80.
37.485 4 FBW_STATUS 2 0 1 112 0
37.485 4 NAVIGATION 4 0 0. 0. 0. 0. 0 0
37.495 4 GPS 0 66544824 531990784 0 65111 0 0 1645 410466000 32 0
37.547 4 DESIRED -0.6 0.29 5.5 -44. 44. 75. 4.
37.583 4 GPS 0 66544824 531990784 0 65111 0 0 1645 410466250 32 0
37.599 4 ATTITUDE 0.371763 0. 0.952352
37.603 4 BAT 0 112 0 0 1 15 15 0
37.603 4 NAVIGATION_REF 665460 5319949 32
37.695 4 ESTIMATOR 0. 0.
37.695 4 GYRO_RATES -76 -1.321269 0.
37.727 4 NAVIGATION 4 0 0. 0. 0. 0. 0 0
37.747 4 GPS 0 66544824 531990784 0 65111 0 0 1645 410466250 32 0
37.791 4 WP_MOVED 3 665540. 5320049. 75. 32
37.827 4 GPS 0 66544824 531990784 0 65111 0 0 1645 410466500 32 0
37.830 4 SVINFO 9 18 12 6 32 25 142
37.899 4 AIRSPEED 4.133533 13. 24. 7.
37.899 4 GPS_SOL 5675551 58134 9999 0
37.979 4 NAVIGATION 4 0 0. 0. 0. 0. 0 0
38.003 4 GPS 0 66544824 531990784 0 65111 0 0 1645 410466500 32 0
38.007 4 NAVIGATION 4 0 0. 0. 0. 0. 0 0
38.075 4 GPS 0 66544824 531990784 0 65111 0 0 1645 410466750 32 0
38.091 4 ATTITUDE 0.355275 0. 0.940251
38.191 4 ESTIMATOR 0. 0.
38.191 4 CALIBRATION 0. 1
38.227 4 NAVIGATION 4 0 0. 0. 0. 0. 0 0
38.247 4 GPS 0 66544824 531990784 0 65111 0 0 1645 410466750 32 0
38.295 4 WP_MOVED 4 665470.125 5320139. 75. 32
38.295 4 DL_VALUE 7 1.
38.305 4 DOWNLINK_STATUS 39 25702 1091 0 702. 31. -1.31127124868e+12
38.327 4 GPS 0 66544824 531990784 0 65111 0 0 1645 410467000 32 0
38.390 4 DOWNLINK 0 668 1323
38.475 4 NAVIGATION 4 0 0. 0. 0. 0. 0 0
38.503 4 GPS 0 66544824 531990784 0 65111 0 0 1645 410467000 32 0
38.507 4 CIRCLE 49.5 80.099998 80.
38.511 4 IR_SENSORS -64 89 153 25 94
38.583 4 GPS 0 66544824 531990784 0 65111 0 0 1645 410467250 32 0
38.599 4 ATTITUDE 0.371763 0. 0.952352
38.603 4 DESIRED -0.6 0.29 5.5 -44. 44. 75. 4.
38.695 4 ESTIMATOR 0. 0.
38.695 4 BAT 0 112 0 0 1 16 16 0
38.727 4 NAVIGATION 4 0 0. 0. 0. 0. 0 0
38.747 4 GPS 0 66544824 531990784 0 65111 0 0 1645 410467250 32 0
38.795 4 WP_MOVED 5 665592.3125 5320088. 75. 32
38.799 4 GYRO_RATES -80 -1.390809 0.
38.823 4 GPS 0 66544824 531990784 0 65111 0 0 1645 410467500 32 0
38.891 4 AIRSPEED 6.688457 13. 24. 7.
38.979 4 NAVIGATION 4 0 0. 0. 0. 0. 0 0
39.005 4 GPS 0 66544824 531990784 0 65111 0 0 1645 410467500 32 0
39.007 4 NAVIGATION 4 0 0. 0. 0. 0. 0 0
39.071 4 GPS 0 66544824 531990784 0 65111 0 0 1645 410467750 32 0
39.091 4 ATTITUDE 0.352336 0. 0.946842
39.191 4 ESTIMATOR 0. 0.
39.227 4 NAVIGATION 4 0 0. 0. 0. 0. 0 0
39.247 4 GPS 0 66544824 531990784 0 65111 0 0 1645 410467750 32 0
39.291 4 WP_MOVED 6 665597. 5319937.5 75. 32
39.306 4 DOWNLINK_STATUS 40 26337 1117 0 635. 26. -1.31127124868e+12
39.327 4 GPS 0 66544824 531990784 0 65111 0 0 1645 410468000 32 0
39.475 4 FBW_STATUS 2 0 1 112 0
39.483 4 NAVIGATION 4 0 0. 0. 0. 0. 0 0
39.495 4 GPS 0 66544824 531990784 0 65111 0 0 1645 410468000 32 0
39.543 4 CIRCLE 49.5 80.099998 80.
39.583 4 GPS 0 66544824 531990784 0 65111 0 0 1645 410468250 32 0
39.591 4 ATTITUDE 0.381388 0. 0.944048
39.647 4 DESIRED -0.6 0.28 5.5 -44. 44. 75. 4.
39.699 4 ESTIMATOR 0. 0.
39.699 4 IR_SENSORS -64 87 151 23 93
39.703 4 ENERGY 11.2 0. 0 0.
39.731 4 NAVIGATION 4 0 0. 0. 0. 0. 0 0
39.751 4 GPS 0 66544824 531990784 0 65111 0 0 1645 410468250 32 0
39.751 4 SVINFO 9 18 12 5 31 25 142
39.799 4 WP_MOVED 7 665340.8125 5320018.5 75. 32
39.803 4 BAT 0 112 0 0 1 17 17 0
39.803 4 DL_VALUE 8 0.
39.815 4 GPS 0 66544824 531990784 0 65111 0 0 1645 410468500 32 0
39.899 4 AIRSPEED 3.939481 13. 24. 7.
39.903 4 GYRO_RATES -75 -1.303884 0.
39.903 4 GPS_SOL 5921654 58151 9999 0
39.979 4 NAVIGATION 4 0 0. 0. 0. 0. 0 0
40.003 4 GPS 0 66544824 531990784 0 65111 0 0 1645 410468500 32 0
40.007 4 NAVIGATION 4 0 0. 0. 0. 0. 0 0
40.063 4 GPS 0 66544824 531990784 0 65111 0 0 1645 410468750 32 0
40.091 4 ATTITUDE 0.302798 0. 0.926718
40.191 4 ESTIMATOR 0. 0.
40.227 4 NAVIGATION 4 0 0. 0. 0. 0. 0 0
40.247 4 GPS 0 66544824 531990784 0 65111 0 0 1645 410468750 32 0
40.295 4 WP_MOVED 8 665734.375 5320238.5 75. 32
40.295 4 CALIBRATION 0. 1
40.306 4 DOWNLINK_STATUS 41 27048 1148 0 711. 31. -1.31127125368e+12
40.323 4 GPS 0 66544824 531990784 0 65111 0 0 1645 410469000 32 0
40.479 4 NAVIGATION 4 0 0. 0. 0. 0. 0 0
40.499 4 GPS 0 66544824 531990784 0 65111 0 0 1645 410469000 32 0
40.583 4 GPS 0 66544824 531990784 0 65111 0 0 1645 410469250 32 0
40.595 4 ATTITUDE 0.371763 0. 0.952352
40.599 4 CIRCLE 49.5 80.099998 80.
40.695 4 ESTIMATOR 0. 0.
40.703 4 DESIRED -0.6 0.28 5.5 -44. 44. 75. 4.
40.727 4 NAVIGATION 4 0 0. 0. 0. 0. 0 0
40.747 4 GPS 0 66544824 531990784 0 65111 0 0 1645 410469250 32 0
40.795 4 WP_MOVED 9 665345.5 5320111.5 75. 32
40.811 4 GPS 0 66544824 531990784 0 65111 0 0 1645 410469500 32 0
40.899 4 AIRSPEED 2.920302 13. 24. 7.
40.903 4 BAT 0 112 0 0 1 18 18 0
40.907 4 IR_SENSORS -65 88 153 23 96
40.979 4 NAVIGATION 4 0 0. 0. 0. 0. 0 0
41.007 4 GPS 0 66544824 531990784 0 65111 0 0 1645 410469500 32 0
41.007 4 NAVIGATION 4 0 0. 0. 0. 0. 0 0
41.011 4 GYRO_RATES -84 -1.46035 0.
41.067 4 GPS 0 66544824 531990784 0 65111 0 0 1645 410469750 32 0
41.091 4 ATTITUDE 0.332681 0. 0.929675
41.187 4 ESTIMATOR 0. 0.
41.227 4 NAVIGATION 4 0 0. 0. 0. 0. 0 0
41.247 4 GPS 0 66544824 531990784 0 65111 0 0 1645 410469750 32 0
41.295 4 WP_MOVED 0 665502. 5319991. 75. 32
41.295 4 DL_VALUE 9 0.
41.307 4 DOWNLINK_STATUS 42 27683 1174 0 635. 26. -1.31127125368e+12
41.315 4 GPS 0 66544824 531990784 0 65111 0 0 1645 410470000 32 0
41.479 4 FBW_STATUS 2 0 1 112 0
41.483 4 NAVIGATION 4 0 0. 0. 0. 0. 0 0
41.495 4 GPS 0 66544824 531990784 0 65111 0 0 1645 410470000 32 0
41.583 4 GPS 0 66544824 531990784 0 65111 0 0 1645 410470250 32 0
41.583 4 SVINFO 9 18 12 6 32 25 142
41.583 4 COMMANDS 0,5082,-7721
41.591 4 ATTITUDE 0.362078 0. 0.944048
41.643 4 CIRCLE 49.5 80.099998 80.
41.675 4 ACTUATORS 1290,1614,0,1022
41.687 4 ESTIMATOR 0. 0.
41.727 4 NAVIGATION 4 0 0. 0. 0. 0. 0 0
41.755 4 GPS 0 66544824 531990784 0 65111 0 0 1645 410470250 32 0
41.759 4 DESIRED -0.6 0.29 5.5 -44. 44. 75. 4.
41.791 4 WP_MOVED 1 665460. 5319949. 75. 32
41.823 4 GPS 0 66544824 531990784 0 65111 0 0 1645 410470500 32 0
41.895 4 AIRSPEED 3.854933 13. 24. 7.
41.898 4 GPS_SOL 6167805 58168 9999 0
41.979 4 NAVIGATION 4 0 0. 0. 0. 0. 0 0
42.007 4 GPS 0 66544824 531990784 0 65111 0 0 1645 410470500 32 0
42.011 4 NAVIGATION 4 0 0. 0. 0. 0. 0 0
42.014 4 BAT 0 112 0 0 1 19 19 0
42.075 4 GPS 0 66544824 531990784 0 65111 0 0 1645 410470750 32 0
42.099 4 ATTITUDE 0.400454 0. 0.955069
42.099 4 GYRO_RATES -86 -1.49512 0.
42.102 4 IR_SENSORS -64 97 161 33 94
42.195 4 ESTIMATOR 0. 0.
42.199 4 ENERGY 11.2 0. 0 0.
42.227 4 NAVIGATION 4 0 0. 0. 0. 0. 0 0
42.247 4 GPS 0 66544824 531990784 0 65111 0 0 1645 410470750 32 0
42.299 4 WP_MOVED 2 665509.5 5320029. 75. 32
42.299 4 ALIVE 61,83,165,111,9,83,110,50,27,225,208,192,242,240,154,55
42.308 4 DOWNLINK_STATUS 43 28423 1206 0 740. 32. -1.31127125368e+12
42.323 4 GPS 0 66544824 531990784 0 65111 0 0 1645 410471000 32 0
42.391 4 CALIBRATION 0. 1
42.391 4 PPRZ_MODE 2 3 3 2 0 6
42.479 4 NAVIGATION 4 0 0. 0. 0. 0. 0 0
42.495 4 GPS 0 66544824 531990784 0 65111 0 0 1645 410471000 32 0
42.583 4 GPS 0 66544824 531990784 0 65111 0 0 1645 410471250 32 0
42.591 4 ATTITUDE 0.390952 0. 0.957761
42.691 4 ESTIMATOR 0. 0.
42.695 4 CIRCLE 49.5 80.099998 80.
42.727 4 NAVIGATION 4 0 0. 0. 0. 0. 0 0
42.747 4 GPS 0 66544824 531990784 0 65111 0 0 1645 410471250 32 0
42.803 4 WP_MOVED 3 665540. 5320049. 75. 32
42.807 4 DESIRED -0.6 0.29 5.5 -44. 44. 75. 4.
42.810 4 DL_VALUE 10 -0.062832
42.831 4 GPS 0 66544824 531990784 0 65111 0 0 1645 410471500 32 0
42.891 4 AIRSPEED 4.784708 13. 24. 7.
42.979 4 NAVIGATION 4 0 0. 0. 0. 0. 0 0
42.996 4 WIND_INFO 4 42 0. 0. 0.
43.003 4 GPS 0 66544824 531990784 0 65111 0 0 1645 410471500 32 0
43.007 4 NAVIGATION 4 0 0. 0. 0. 0. 0 0
43.071 4 GPS 0 66544824 531990784 0 65111 0 0 1645 410471750 32 0
43.095 4 ATTITUDE 0.346626 0. 0.931875
43.095 4 BAT 0 112 0 0 1 20 20 0
43.191 4 ESTIMATOR 0. 0.
43.195 4 GYRO_RATES -76 -1.321269 0.
43.227 4 NAVIGATION 4 0 0. 0. 0. 0. 0 0
43.247 4 GPS 0 66544824 531990784 0 65111 0 0 1645 410471750 32 0
43.295 4 WP_MOVED 4 665470.125 5320139. 75. 32
43.298 4 IR_SENSORS -65 96 161 31 96
43.309 4 DOWNLINK_STATUS 44 29081 1234 0 658. 28. -1.31127125368e+12
43.343 4 GPS 0 66544824 531990784 0 65111 0 0 1645 410472000 32 0
43.479 4 FBW_STATUS 2 0 1 112 0
43.483 4 NAVIGATION 4 0 0. 0. 0. 0. 0 0
43.503 4 GPS 0 66544824 531990784 0 65111 0 0 1645 410472000 32 0
43.503 4 SVINFO 9 18 12 5 33 25 142
43.507 4 DOWNLINK 0 679 1470
43.579 4 GPS 0 66544824 531990784 0 65111 0 0 1645 410472250 32 0
43.591 4 ATTITUDE 0.362078 0. 0.944048
43.691 4 ESTIMATOR 0. 0.
43.731 4 NAVIGATION 4 0 0. 0. 0. 0. 0 0
43.751 4 GPS 0 66544824 531990784 0 65111 0 0 1645 410472250 32 0
43.755 4 CIRCLE 49.5 80.099998 80.
43.791 4 WP_MOVED 5 665592.3125 5320088. 75. 32
43.823 4 GPS 0 66544824 531990784 0 65111 0 0 1645 410472500 32 0
43.847 4 DESIRED -0.6 0.29 5.5 -44. 44. 75. 4.
43.895 4 AIRSPEED 1.870615 13. 24. 7.
43.898 4 GPS_SOL 6414006 58185 9999 0
43.979 4 NAVIGATION 4 0 0. 0. 0. 0. 0 0
44.007 4 GPS 0 66544824 531990784 0 65111 0 0 1645 410472500 32 0
44.007 4 SVINFO 13 30 28 6 35 74 247
44.011 4 NAVIGATION 4 0 0. 0. 0. 0. 0 0
44.071 4 GPS 0 66544824 531990784 0 65111 0 0 1645 410472750 32 0
44.091 4 ATTITUDE 0.352336 0. 0.946842
44.195 4 ESTIMATOR 0. 0.
44.199 4 BAT 0 112 0 0 1 21 21 0
44.227 4 NAVIGATION 4 0 0. 0. 0. 0. 0 0
44.247 4 GPS 0 66544824 531990784 0 65111 0 0 1645 410472750 32 0
44.299 4 WP_MOVED 6 665597. 5319937.5 75. 32
44.299 4 GYRO_RATES -86 -1.49512 0.
44.302 4 DL_VALUE 11 0.087266
44.310 4 DOWNLINK_STATUS 45 29770 1264 0 689. 30. -1.31127125368e+12
44.335 4 GPS 0 66544824 531990784 0 65111 0 0 1645 410473000 32 0
44.475 4 NAVIGATION 4 0 0. 0. 0. 0. 0 0
44.503 4 GPS 0 66544824 531990784 0 65111 0 0 1645 410473000 32 0
44.507 4 IR_SENSORS -64 97 161 33 96
44.507 4 CALIBRATION 0. 1
44.575 4 GPS 0 66544824 531990784 0 65111 0 0 1645 410473250 32 0
44.591 4 ATTITUDE 0.371763 0. 0.946842
44.695 4 ESTIMATOR 0. 0.
44.699 4 ENERGY 11.2 0. 0 0.
44.727 4 NAVIGATION 4 0 0. 0. 0. 0. 0 0
44.747 4 GPS 0 66544824 531990784 0 65111 0 0 1645 410473250 32 0
44.795 4 WP_MOVED 7 665340.8125 5320018.5 75. 32
44.795 4 CIRCLE 49.5 80.099998 80.
44.831 4 GPS 0 66544824 531990784 0 65111 0 0 1645 410473500 32 0
44.899 4 AIRSPEED 4.274453 13. 24. 7.
44.907 4 DESIRED -0.6 0.28 5.5 -44. 44. 75. 4.
44.979 4 NAVIGATION 4 0 0. 0. 0. 0. 0 0
45.003 4 GPS 0 66544824 531990784 0 65111 0 0 1645 410473500 32 0
45.007 4 NAVIGATION 4 0 0. 0. 0. 0. 0 0
45.067 4 GPS 0 66544824 531990784 0 65111 0 0 1645 410473750 32 0
45.091 4 ATTITUDE 0.332681 0. 0.935506
45.191 4 ESTIMATOR 0. 0.
45.227 4 NAVIGATION 4 0 0. 0. 0. 0. 0 0
45.247 4 GPS 0 66544824 531990784 0 65111 0 0 1645 410473750 32 0
45.295 4 WP_MOVED 8 665734.375 5320238.5 75. 32
45.299 4 BAT 0 112 0 0 1 22 22 0
45.311 4 DOWNLINK_STATUS 46 30409 1290 0 639. 26. -1.31127125868e+12
45.319 4 GPS 0 66544824 531990784 0 65111 0 0 1645 410474000 32 0
45.323 4 SVINFO 9 18 12 6 32 25 142
45.391 4 GYRO_RATES -76 -1.321269 0.
45.479 4 FBW_STATUS 2 0 1 112 0
45.483 4 NAVIGATION 4 0 0. 0. 0. 0. 0 0
45.496 4 GPS 0 66544824 531990784 0 65111 0 0 1645 410474000 32 0
45.579 4 GPS 0 66544824 531990784 0 65111 0 0 1645 410474250 32 0
45.591 4 ATTITUDE 0.362078 0. 0.94961
45.691 4 ESTIMATOR 0. 0.
45.694 4 IR_SENSORS -65 90 155 25 96
45.727 4 NAVIGATION 4 0 0. 0. 0. 0. 0 0
45.747 4 GPS 0 66544824 531990784 0 65111 0 0 1645 410474250 32 0
45.795 4 WP_MOVED 9 665345.5 5320111.5 75. 32
45.795 4 DL_VALUE 0 75.
45.827 4 GPS 0 66544824 531990784 0 65111 0 0 1645 410474500 32 0
45.827 4 SVINFO 13 30 28 6 34 74 247
45.839 4 CIRCLE 49.5 80.099998 80.
45.895 4 AIRSPEED 6.421109 13. 24. 7.
45.898 4 GPS_SOL 6660256 58203 9999 0
45.947 4 DESIRED -0.6 0.27 5.5 -44. 44. 75. 4.
45.975 4 NAVIGATION 4 0 0. 0. 0. 0. 0 0
46.003 4 GPS 0 66544824 531990784 0 65111 0 0 1645 410474500 32 0
46.007 4 NAVIGATION 4 0 0. 0. 0. 0. 0 0
46.075 4 GPS 0 66544824 531990784 0 65111 0 0 1645 410474750 32 0
46.091 4 ATTITUDE 0.371763 0. 0.941227
46.191 4 ESTIMATOR 0. 0.
46.227 4 NAVIGATION 4 0 0. 0. 0. 0. 0 0
46.247 4 GPS 0 66544824 531990784 0 65111 0 0 1645 410474750 32 0
46.291 4 WP_MOVED 0 665502. 5319991. 75. 32
46.311 4 DOWNLINK_STATUS 47 31083 1319 0 674. 29. -1.31127125868e+12
46.327 4 GPS 0 66544824 531990784 0 65111 0 0 1645 410475000 32 0
46.391 4 BAT 0 112 0 0 1 23 23 0
46.476 4 NAVIGATION 4 0 0. 0. 0. 0. 0 0
46.499 4 GPS 0 66544824 531990784 0 65111 0 0 1645 410475000 32 0
46.502 4 GYRO_RATES -92 -1.599431 0.
46.571 4 GPS 0 66544824 531990784 0 65111 0 0 1645 410475250 32 0
46.579 4 COMMANDS 0,5334,-8231
46.595 4 ATTITUDE 0.399507 0. 0.949224
46.598 4 CALIBRATION 0. 1
46.599 4 NAVIGATION_REF 665460 5319949 32
46.675 4 ACTUATORS 1290,1632,0,1000
46.691 4 ESTIMATOR 0. 0.
46.727 4 NAVIGATION 4 0 0. 0. 0. 0. 0 0
46.747 4 GPS 0 66544824 531990784 0 65111 0 0 1645 410475250 32 0
46.791 4 WP_MOVED 1 665460. 5319949. 75. 32
46.823 4 GPS 0 66544824 531990784 0 65111 0 0 1645 410475500 32 0
46.899 4 AIRSPEED 4.080475 13. 24. 7.
46.903 4 CIRCLE 49.5 80.099998 80.
46.907 4 IR_SENSORS -67 96 163 29 99
46.980 4 NAVIGATION 4 0 0. 0. 0. 0. 0 0
47.007 4 GPS 0 66544824 531990784 0 65111 0 0 1645 410475500 32 0
47.011 4 NAVIGATION 4 0 0. 0. 0. 0. 0 0
47.019 4 DESIRED -0.6 0.29 5.5 -44. 44. 75. 4.
47.075 4 GPS 0 66544824 531990784 0 65111 0 0 1645 410475750 32 0
47.091 4 ATTITUDE 0.381579 0. 0.954365
47.191 4 ESTIMATOR 0. 0.
47.199 4 ENERGY 11.2 0. 0 0.
47.227 4 NAVIGATION 4 0 0. 0. 0. 0. 0 0
47.251 4 GPS 0 66544824 531990784 0 65111 0 0 1645 410475750 32 0
47.251 4 SVINFO 9 18 12 5 33 25 142
47.299 4 WP_MOVED 2 665509.5 5320029. 75. 32
47.299 4 DL_VALUE 1 0.
47.307 4 ALIVE 61,83,165,111,9,83,110,50,27,225,208,192,242,240,154,55
47.312 4 DOWNLINK_STATUS 48 31829 1352 0 746. 33. -1.31127125868e+12
47.327 4 GPS 0 66544824 531990784 0 65111 0 0 1645 410476000 32 0
47.391 4 PPRZ_MODE 2 3 3 2 0 6
47.479 4 FBW_STATUS 2 0 1 112 0
47.483 4 NAVIGATION 4 0 0. 0. 0. 0. 0 0
47.503 4 GPS 0 66544824 531990784 0 65111 0 0 1645 410476000 32 0
47.503 4 BAT 0 112 0 0 1 25 25 0
47.583 4 GPS 0 66544824 531990784 0 65111 0 0 1645 410476250 32 0
47.595 4 ATTITUDE 0.357066 0. 0.945772
47.595 4 GYRO_RATES -85 -1.477735 0.
47.691 4 ESTIMATOR 0. 0.
47.727 4 NAVIGATION 4 0 0. 0. 0. 0. 0 0
47.747 4 GPS 0 66544824 531990784 0 65111 0 0 1645 410476250 32 0
47.791 4 WP_MOVED 3 665540. 5320049. 75. 32
47.827 4 GPS 0 66544824 531990784 0 65111 0 0 1645 410476500 32 0
47.895 4 AIRSPEED 3.910141 13. 24. 7.
47.899 4 GPS_SOL 6906555 58220 9999 0
47.939 4 CIRCLE 49.5 80.099998 80.
47.979 4 NAVIGATION 4 0 0. 0. 0. 0. 0 0
48.003 4 GPS 0 66544824 531990784 0 65111 0 0 1645 410476500 32 0
48.007 4 NAVIGATION 4 0 0. 0. 0. 0. 0 0
48.047 4 DESIRED -0.6 0.29 5.5 -44. 44. 75. 4.
48.075 4 GPS 0 66544824 531990784 0 65111 0 0 1645 410476750 32 0
48.095 4 ATTITUDE 0.362078 0. 0.944048
48.095 4 IR_SENSORS -64 93 157 29 94
48.191 4 ESTIMATOR 0. 0.
48.227 4 NAVIGATION 4 0 0. 0. 0. 0. 0 0
48.247 4 GPS 0 66544824 531990784 0 65111 0 0 1645 410476750 32 0
48.291 4 WP_MOVED 4 665470.125 5320139. 75. 32
48.313 4 DOWNLINK_STATUS 49 32496 1380 0 667. 28. -1.31127125868e+12
48.327 4 GPS 0 66544824 531990784 0 65111 0 0 1645 410477000 32 0
48.479 4 NAVIGATION 4 0 0. 0. 0. 0. 0 0
48.495 4 GPS 0 66544824 531990784 0 65111 0 0 1645 410477000 32 0
48.583 4 GPS 0 66544824 531990784 0 65111 0 0 1645 410477250 32 0
48.599 4 ATTITUDE 0.375178 0. 0.94034
48.599 4 BAT 0 112 0 0 1 26 26 0
48.603 4 DOWNLINK 0 678 1617
48.695 4 ESTIMATOR 0. 0.
48.695 4 GYRO_RATES -82 -1.425579 0.
48.698 4 CALIBRATION 0. 1
48.727 4 NAVIGATION 4 0 0. 0. 0. 0. 0 0
48.747 4 GPS 0 66544824 531990784 0 65111 0 0 1645 410477250 32 0
48.795 4 WP_MOVED 5 665592.3125 5320088. 75. 32
48.795 4 DL_VALUE 2 0.
48.823 4 GPS 0 66544824 531990784 0 65111 0 0 1645 410477500 32 0
48.891 4 AIRSPEED 5.716722 13. 24. 7.
48.979 4 NAVIGATION 4 0 0. 0. 0. 0. 0 0
49.011 4 GPS 0 66544824 531990784 0 65111 0 0 1645 410477500 32 0
49.011 4 SVINFO 8 16 12 6 36 51 302
49.015 4 NAVIGATION 4 0 0. 0. 0. 0. 0 0
49.019 4 CIRCLE 49.5 80.099998 80.
49.075 4 GPS 0 66544824 531990784 0 65111 0 0 1645 410477750 32 0
49.079 4 SVINFO 9 18 12 6 34 25 142
49.099 4 ATTITUDE 0.336999 0. 0.94034
49.103 4 DESIRED -0.6 0.29 5.5 -44. 44. 75. 4.
49.191 4 ESTIMATOR 0. 0.
49.227 4 NAVIGATION 4 0 0. 0. 0. 0. 0 0
49.247 4 GPS 0 66544824 531990784 0 65111 0 0 1645 410477750 32 0
49.295 4 WP_MOVED 6 665597. 5319937.5 75. 32
49.299 4 IR_SENSORS -64 95 159 31 94
49.314 4 DOWNLINK_STATUS 50 33181 1410 0 685. 30. -1.31127125868e+12
49.331 4 GPS 0 66544824 531990784 0 65111 0 0 1645 410478000 32 0
49.479 4 FBW_STATUS 2 0 1 112 0
49.553 4 NAVIGATION 4 0 0. 0. 0. 0. 0 0
49.553 4 GPS 0 66544824 531990784 0 65111 0 0 1645 410478000 32 0
49.579 4 GPS 0 66544824 531990784 0 65111 0 0 1645 410478250 32 0
49.579 4 SVINFO 13 30 28 4 35 74 247
49.591 4 ATTITUDE 0.381388 0. 0.94961
49.699 4 ESTIMATOR 0. 0.
49.703 4 BAT 0 112 0 0 1 27 27 0
49.703 4 ENERGY 11.2 0. 0 0.
49.727 4 NAVIGATION 4 0 0. 0. 0. 0. 0 0
49.747 4 GPS 0 66544824 531990784 0 65111 0 0 1645 410478250 32 0
49.795 4 WP_MOVED 7 665340.8125 5320018.5 75. 32
49.799 4 GYRO_RATES -82 -1.425579 0.
49.823 4 GPS 0 66544824 531990784 0 65111 0 0 1645 410478500 32 0
49.895 4 AIRSPEED 4.755016 13. 24. 7.
49.898 4 GPS_SOL 7152903 58237 9999 0
49.979 4 NAVIGATION 4 0 0. 0. 0. 0. 0 0
50.003 4 GPS 0 66544824 531990784 0 65111 0 0 1645 410478500 32 0
50.007 4 NAVIGATION 4 0 0. 0. 0. 0. 0 0
50.039 4 CIRCLE 49.5 80.099998 80.
50.067 4 GPS 0 66544824 531990784 0 65111 0 0 1645 410478750 32 0
50.091 4 ATTITUDE 0.291106 0. 0.926628
50.147 4 DESIRED -0.6 0.28 5.5 -44. 44. 75. 4.
50.187 4 ESTIMATOR 0. 0.
50.231 4 NAVIGATION 4 0 0. 0. 0. 0. 0 0
50.247 4 GPS 0 66544824 531990784 0 65111 0 0 1645 410478750 32 0
50.291 4 WP_MOVED 8 665734.375 5320238.5 75. 32
50.295 4 DL_VALUE 3 0.
50.315 4 DOWNLINK_STATUS 51 33865 1439 0 684. 29. -1.31127126368e+12
50.319 4 GPS 0 66544824 531990784 0 65111 0 0 1645 410479000 32 0
50.480 4 NAVIGATION 4 0 0. 0. 0. 0. 0 0
50.503 4 GPS 0 66544824 531990784 0 65111 0 0 1645 410479000 32 0
50.503 4 IR_SENSORS -70 97 167 27 100
50.575 4 GPS 0 66544824 531990784 0 65111 0 0 1645 410479250 32 0
50.579 4 SVINFO 9 18 12 6 32 25 142
50.591 4 ATTITUDE 0.345089 0. 0.938666
50.691 4 ESTIMATOR 0. 0.
50.727 4 NAVIGATION 4 0 0. 0. 0. 0. 0 0
50.747 4 GPS 0 66544824 531990784 0 65111 0 0 1645 410479250 32 0
50.799 4 WP_MOVED 9 665345.5 5320111.5 75. 32
50.803 4 BAT 0 112 0 0 1 28 28 0
50.803 4 CALIBRATION 0. 1
50.823 4 GPS 0 66544824 531990784 0 65111 0 0 1645 410479500 32 0
50.895 4 AIRSPEED 2.493163 13. 24. 7.
50.899 4 GYRO_RATES -75 -1.303884 0.
50.981 4 NAVIGATION 4 0 0. 0. 0. 0. 0 0
51.003 4 GPS 0 66544824 531990784 0 65111 0 0 1645 410479500 32 0
51.007 4 NAVIGATION 4 0 0. 0. 0. 0. 0 0
51.079 4 GPS 0 66544824 531990784 0 65111 0 0 1645 410479750 32 0
51.095 4 ATTITUDE 0.362078 0. 0.93838
51.099 4 CIRCLE 49.5 80.099998 80.
51.199 4 ESTIMATOR 0. 0.
51.203 4 DESIRED -0.6 0.28 5.5 -44. 44. 75. 4.
51.227 4 NAVIGATION 4 0 0. 0. 0. 0. 0 0
51.247 4 GPS 0 66544824 531990784 0 65111 0 0 1645 410479750 32 0
51.291 4 WP_MOVED 0 665502. 5319991. 75. 32
51.316 4 DOWNLINK_STATUS 52 34514 1466 0 649. 27. -1.31127126368e+12
51.319 4 GPS 0 66544824 531990784 0 65111 0 0 1645 410480000 32 0
51.481 4 FBW_STATUS 2 0 1 112 0
51.483 4 NAVIGATION 4 0 0. 0. 0. 0. 0 0
51.499 4 GPS 0 66544824 531990784 0 65111 0 0 1645 410480000 32 0
51.503 4 SVINFO 13 30 28 4 36 74 247
51.571 4 COMMANDS 0,4914,-7758
51.595 4 GPS 0 66544824 531990784 0 65111 0 0 1645 410480250 32 0
51.595 4 ATTITUDE 0.345089 0. 0.938666
51.671 4 ACTUATORS 1290,1629,0,1007
51.695 4 ESTIMATOR 0. 0.
51.695 4 IR_SENSORS -67 93 160 26 99
51.727 4 NAVIGATION 4 0 0. 0. 0. 0. 0 0
51.747 4 GPS 0 66544824 531990784 0 65111 0 0 1645 410480250 32 0
51.795 4 WP_MOVED 1 665460. 5319949. 75. 32
51.795 4 DL_VALUE 4 80.
51.819 4 GPS 0 66544824 531990784 0 65111 0 0 1645 410480500 32 0
51.899 4 AIRSPEED 2.98064 13. 24. 7.
51.903 4 BAT 0 112 0 0 1 29 29 0
51.903 4 GPS_SOL 7399299 58254 9999 0
51.982 4 NAVIGATION 4 0 0. 0. 0. 0. 0 0
52.007 4 GPS 0 66544824 531990784 0 65111 0 0 1645 410480500 32 0
52.010 4 NAVIGATION 4 0 0. 0. 0. 0. 0 0
52.011 4 GYRO_RATES -91 -1.582046 0.
52.075 4 GPS 0 66544824 531990784 0 65111 0 0 1645 410480750 32 0
52.091 4 ATTITUDE 0.366292 0. 0.948411
52.139 4 CIRCLE 49.5 80.099998 80.
52.195 4 ESTIMATOR 0. 0.
52.195 4 ENERGY 11.2 0. 0 0.
52.227 4 NAVIGATION 4 0 0. 0. 0. 0. 0 0
52.255 4 GPS 0 66544824 531990784 0 65111 0 0 1645 410480750 32 0
52.259 4 DESIRED -0.6 0.29 5.5 -44. 44. 75. 4.
52.299 4 WP_MOVED 2 665509.5 5320029. 75. 32
52.299 4 ALIVE 61,83,165,111,9,83,110,50,27,225,208,192,242,240,154,55
52.316 4 DOWNLINK_STATUS 53 35265 1499 0 751. 33. -1.31127126368e+12
52.323 4 GPS 0 66544824 531990784 0 65111 0 0 1645 410481000 32 0
52.391 4 PPRZ_MODE 2 3 3 2 0 6
52.482 4 NAVIGATION 4 0 0. 0. 0. 0. 0 0
52.499 4 GPS 0 66544824 531990784 0 65111 0 0 1645 410481000 32 0
52.579 4 GPS 0 66544824 531990784 0 65111 0 0 1645 410481250 32 0
52.591 4 ATTITUDE 0.420495 0. 0.958734
52.691 4 ESTIMATOR 0. 0.
52.727 4 NAVIGATION 4 0 0. 0. 0. 0. 0 0
52.751 4 GPS 0 66544824 531990784 0 65111 0 0 1645 410481250 32 0
52.751 4 SVINFO 8 16 12 6 35 51 302
52.791 4 WP_MOVED 3 665540. 5320049. 75. 32
52.827 4 GPS 0 66544824 531990784 0 65111 0 0 1645 410481500 32 0
52.827 4 SVINFO 9 18 12 6 33 25 142
52.899 4 AIRSPEED 5.217107 13. 24. 7.
52.899 4 IR_SENSORS -64 95 159 31 94
52.902 4 CALIBRATION 0. 1
52.982 4 NAVIGATION 4 0 0. 0. 0. 0. 0 0
52.996 4 WIND_INFO 4 42 0. 0. 0.
53.007 4 GPS 0 66544824 531990784 0 65111 0 0 1645 410481500 32 0
53.011 4 NAVIGATION 4 0 0. 0. 0. 0. 0 0
53.015 4 BAT 0 112 0 0 1 30 30 0
53.075 4 GPS 0 66544824 531990784 0 65111 0 0 1645 410481750 32 0
53.095 4 ATTITUDE 0.381388 0. 0.94961
53.095 4 GYRO_RATES -83 -1.442965 0.
53.195 4 ESTIMATOR 0. 0.
53.195 4 CIRCLE 49.5 80.099998 80.
53.227 4 NAVIGATION 4 0 0. 0. 0. 0. 0 0
53.247 4 GPS 0 66544824 531990784 0 65111 0 0 1645 410481750 32 0
53.303 4 WP_MOVED 4 665470.125 5320139. 75. 32
53.307 4 DESIRED -0.6 0.29 5.5 -44. 44. 75. 4.
53.307 4 DL_VALUE 5 2.
53.317 4 DOWNLINK_STATUS 54 35951 1529 0 686. 30. -1.31127126368e+12
53.323 4 GPS 0 66544824 531990784 0 65111 0 0 1645 410482000 32 0
53.483 4 FBW_STATUS 2 0 1 112 0
53.483 4 NAVIGATION 4 0 0. 0. 0. 0. 0 0
53.499 4 GPS 0 66544824 531990784 0 65111 0 0 1645 410482000 32 0
53.583 4 GPS 0 66544824 531990784 0 65111 0 0 1645 410482250 32 0
53.595 4 ATTITUDE 0.400454 0. 0.955069
53.691 4 ESTIMATOR 0. 0.
53.694 4 DOWNLINK 0 679 1767
53.727 4 NAVIGATION 4 0 0. 0. 0. 0. 0 0
53.747 4 GPS 0 66544824 531990784 0 65111 0 0 1645 410482250 32 0
53.791 4 WP_MOVED 5 665592.3125 5320088. 75. 32
53.831 4 GPS 0 66544824 531990784 0 65111 0 0 1645 410482500 32 0
53.895 4 AIRSPEED 2.541383 13. 24. 7.
53.898 4 GPS_SOL 7645745 58271 9999 0
53.979 4 NAVIGATION 4 0 0. 0. 0. 0. 0 0
54.003 4 GPS 0 66544824 531990784 0 65111 0 0 1645 410482500 32 0
54.006 4 NAVIGATION 4 0 0. 0. 0. 0. 0 0
54.075 4 GPS 0 66544824 531990784 0 65111 0 0 1645 410482750 32 0
54.099 4 ATTITUDE 0.32732 0. 0.931875
54.099 4 BAT 0 112 0 0 1 31 31 0
54.102 4 IR_SENSORS -65 91 156 26 96
54.191 4 ESTIMATOR 0. 0.
54.195 4 GYRO_RATES -77 -1.338654 0.
54.227 4 NAVIGATION 4 0 0. 0. 0. 0. 0 0
54.251 4 GPS 0 66544824 531990784 0 65111 0 0 1645 410482750 32 0
54.255 4 CIRCLE 49.5 80.099998 80.
54.291 4 WP_MOVED 6 665597. 5319937.5 75. 32
54.318 4 DOWNLINK_STATUS 55 36583 1556 0 632. 27. -1.31127126368e+12
54.331 4 GPS 0 66544824 531990784 0 65111 0 0 1645 410483000 32 0
54.331 4 SVINFO 9 18 12 4 31 25 142
54.347 4 DESIRED -0.6 0.29 5.5 -44. 44. 75. 4.
54.479 4 NAVIGATION 4 0 0. 0. 0. 0. 0 0
54.495 4 GPS 0 66544824 531990784 0 65111 0 0 1645 410483000 32 0
54.583 4 GPS 0 66544824 531990784 0 65111 0 0 1645 410483250 32 0
54.590 4 ATTITUDE 0.409893 0. 0.957761
54.695 4 ESTIMATOR 0. 0.
54.699 4 ENERGY 11.2 0. 0 0.
54.727 4 NAVIGATION 4 0 0. 0. 0. 0. 0 0
54.747 4 GPS 0 66544824 531990784 0 65111 0 0 1645 410483250 32 0
54.795 4 WP_MOVED 7 665340.8125 5320018.5 75. 32
54.795 4 DL_VALUE 6 0.
54.823 4 GPS 0 66544824 531990784 0 65111 0 0 1645 410483500 32 0
54.895 4 AIRSPEED 3.454404 13. 24. 7.
54.979 4 NAVIGATION 4 0 0. 0. 0. 0. 0 0
55.004 4 GPS 0 66544824 531990784 0 65111 0 0 1645 410483500 32 0
55.007 4 NAVIGATION 4 0 0. 0. 0. 0. 0 0
55.010 4 CALIBRATION 0. 1
55.075 4 GPS 0 66544824 531990784 0 65111 0 0 1645 410483750 32 0
55.091 4 ATTITUDE 0.362078 0. 0.93838
55.191 4 ESTIMATOR 0. 0.
55.195 4 BAT 0 112 0 0 1 32 32 0
55.231 4 NAVIGATION 4 0 0. 0. 0. 0. 0 0
55.251 4 GPS 0 66544824 531990784 0 65111 0 0 1645 410483750 32 0
55.251 4 SVINFO 13 30 28 4 35 74 246
55.303 4 WP_MOVED 8 665734.375 5320238.5 75. 32
55.303 4 CIRCLE 49.5 80.099998 80.
55.307 4 GYRO_RATES -86 -1.49512 0.
55.311 4 IR_SENSORS -64 99 163 35 94
55.319 4 DOWNLINK_STATUS 56 37277 1586 0 694. 30. -1.31127126868e+12
55.323 4 GPS 0 66544824 531990784 0 65111 0 0 1645 410484000 32 0
55.399 4 DESIRED -0.6 0.28 5.5 -44. 44. 75. 4.
55.479 4 FBW_STATUS 2 0 1 112 0
55.485 4 NAVIGATION 4 0 0. 0. 0. 0. 0 0
55.499 4 GPS 0 66544824 531990784 0 65111 0 0 1645 410484000 32 0
55.575 4 GPS 0 66544824 531990784 0 65111 0 0 1645 410484250 32 0
55.595 4 ATTITUDE 0.352336 0. 0.946842
55.595 4 NAVIGATION_REF 665460 5319949 32
55.687 4 ESTIMATOR 0. 0.
55.731 4 NAVIGATION 4 0 0. 0. 0. 0. 0 0
55.747 4 GPS 0 66544824 531990784 0 65111 0 0 1645 410484250 32 0
55.791 4 WP_MOVED 9 665345.5 5320111.5 75. 32
55.819 4 GPS 0 66544824 531990784 0 65111 0 0 1645 410484500 32 0
55.895 4 AIRSPEED 5.996032 13. 24. 7.
55.898 4 GPS_SOL 7892241 58288 9999 0
55.979 4 NAVIGATION 4 0 0. 0. 0. 0. 0 0
55.999 4 GPS 0 66544824 531990784 0 65111 0 0 1645 410484500 32 0
56.008 4 NAVIGATION 4 0 0. 0. 0. 0. 0 0
56.075 4 GPS 0 66544824 531990784 0 65111 0 0 1645 410484750 32 0
56.091 4 ATTITUDE 0.365104 0. 0.94311
56.191 4 ESTIMATOR 0. 0.
56.227 4 NAVIGATION 4 0 0. 0. 0. 0. 0 0
56.247 4 GPS 0 66544824 531990784 0 65111 0 0 1645 410484750 32 0
56.299 4 WP_MOVED 0 665502. 5319991. 75. 32
56.299 4 BAT 0 112 0 0 1 33 33 0
56.303 4 DL_VALUE 7 1.
56.319 4 DOWNLINK_STATUS 57 37908 1612 0 631. 26. -1.31127126868e+12
56.327 4 GPS 0 66544824 531990784 0 65111 0 0 1645 410485000 32 0
56.343 4 CIRCLE 49.5 80.099998 80.
56.391 4 GYRO_RATES -75 -1.303884 0.
56.447 4 DESIRED -0.6 0.28 5.5 -44. 44. 75. 4.
56.479 4 NAVIGATION 4 0 0. 0. 0. 0. 0 0
56.499 4 GPS 0 66544824 531990784 0 65111 0 0 1645 410485000 32 0
56.503 4 IR_SENSORS -65 101 166 36 96
56.575 4 GPS 0 66544824 531990784 0 65111 0 0 1645 410485250 32 0
56.582 4 COMMANDS 0,5367,-8013
56.595 4 ATTITUDE 0.400454 0. 0.955069
56.675 4 ACTUATORS 1290,1625,0,1000
56.691 4 ESTIMATOR 0. 0.
56.727 4 NAVIGATION 4 0 0. 0. 0. 0. 0 0
56.747 4 GPS 0 66544824 531990784 0 65111 0 0 1645 410485250 32 0
56.791 4 WP_MOVED 1 665460. 5319949. 75. 32
56.819 4 GPS 0 66544824 531990784 0 65111 0 0 1645 410485500 32 0
56.891 4 AIRSPEED 3.94515 13. 24. 7.
56.979 4 NAVIGATION 4 0 0. 0. 0. 0. 0 0
57.003 4 GPS 0 66544824 531990784 0 65111 0 0 1645 410485500 32 0
57.006 4 NAVIGATION 4 0 0. 0. 0. 0. 0 0
57.071 4 GPS 0 66544824 531990784 0 65111 0 0 1645 410485750 32 0
57.095 4 ATTITUDE 0.362078 0. 0.94961
57.095 4 CALIBRATION 0. 1
57.195 4 ESTIMATOR 0. 0.
57.195 4 ENERGY 11.2 0. 0 0.
57.227 4 NAVIGATION 4 0 0. 0. 0. 0. 0 0
57.247 4 GPS 0 66544824 531990784 0 65111 0 0 1645 410485750 32 0
57.299 4 WP_MOVED 2 665509.5 5320029. 75. 32
57.299 4 ALIVE 61,83,165,111,9,83,110,50,27,225,208,192,242,240,154,55
57.319 4 DOWNLINK_STATUS 58 38594 1641 0 686. 29. -1.31127126868e+12
57.327 4 GPS 0 66544824 531990784 0 65111 0 0 1645 410486000 32 0
57.395 4 CIRCLE 49.5 80.099998 80.
57.399 4 BAT 0 112 0 0 1 34 34 0
57.402 4 PPRZ_MODE 2 3 3 2 0 6
57.479 4 FBW_STATUS 2 0 1 112 0
57.483 4 NAVIGATION 4 0 0. 0. 0. 0. 0 0
57.507 4 GPS 0 66544824 531990784 0 65111 0 0 1645 410486000 32 0
57.515 4 DESIRED -0.6 0.28 5.5 -44. 44. 75. 4.
57.515 4 GYRO_RATES -78 -1.356039 0.
57.583 4 GPS 0 66544824 531990784 0 65111 0 0 1645 410486250 32 0
57.591 4 ATTITUDE 0.381388 0. 0.94961
57.691 4 ESTIMATOR 0. 0.
57.694 4 IR_SENSORS -64 90 154 26 94
57.727 4 NAVIGATION 4 0 0. 0. 0. 0. 0 0
57.743 4 GPS 0 66544824 531990784 0 65111 0 0 1645 410486250 32 0
57.795 4 WP_MOVED 3 665540. 5320049. 75. 32
57.795 4 DL_VALUE 8 0.
57.827 4 GPS 0 66544824 531990784 0 65111 0 0 1645 410486500 32 0
57.895 4 AIRSPEED 1.957261 13. 24. 7.
57.899 4 GPS_SOL 8138782 58306 9999 0
57.979 4 NAVIGATION 4 0 0. 0. 0. 0. 0 0
58.003 4 GPS 0 66544824 531990784 0 65111 0 0 1645 410486500 32 0
58.008 4 NAVIGATION 4 0 0. 0. 0. 0. 0 0
58.079 4 GPS 0 66544824 531990784 0 65111 0 0 1645 410486750 32 0
58.091 4 ATTITUDE 0.381388 0. 0.955069
58.187 4 ESTIMATOR 0. 0.
58.227 4 NAVIGATION 4 0 0. 0. 0. 0. 0 0
58.247 4 GPS 0 66544824 531990784 0 65111 0 0 1645 410486750 32 0
58.291 4 WP_MOVED 4 665470.125 5320139. 75. 32
58.320 4 DOWNLINK_STATUS 59 39272 1670 0 678. 29. -1.31127126868e+12
58.327 4 GPS 0 66544824 531990784 0 65111 0 0 1645 410487000 32 0
58.439 4 CIRCLE 49.5 80.099998 80.
58.475 4 NAVIGATION 4 0 0. 0. 0. 0. 0 0
58.503 4 GPS 0 66544824 531990784 0 65111 0 0 1645 410487000 32 0
58.508 4 SVINFO 9 18 12 4 30 25 142
58.508 4 BAT 0 112 0 0 1 36 36 0
58.543 4 DESIRED -0.6 0.3 5.5 -44. 44. 75. 4.
58.575 4 GPS 0 66544824 531990784 0 65111 0 0 1645 410487250 32 0
58.595 4 ATTITUDE 0.400454 0. 0.955069
58.595 4 GYRO_RATES -83 -1.442965 0.
58.691 4 ESTIMATOR 0. 0.
58.727 4 NAVIGATION 4 0 0. 0. 0. 0. 0 0
58.747 4 GPS 0 66544824 531990784 0 65111 0 0 1645 410487250 32 0
58.795 4 WP_MOVED 5 665592.3125 5320088. 75. 32
58.795 4 DOWNLINK 0 683 1915
58.831 4 GPS 0 66544824 531990784 0 65111 0 0 1645 410487500 32 0
58.895 4 AIRSPEED 4.393144 13. 24. 7.
58.899 4 IR_SENSORS -65 88 153 23 94
58.975 4 NAVIGATION 4 0 0. 0. 0. 0. 0 0
59.003 4 GPS 0 66544824 531990784 0 65111 0 0 1645 410487500 32 0
59.007 4 NAVIGATION 4 0 0. 0. 0. 0. 0 0
59.075 4 GPS 0 66544824 531990784 0 65111 0 0 1645 410487750 32 0
59.091 4 ATTITUDE 0.342536 0. 0.944048
59.191 4 ESTIMATOR 0. 0.
59.191 4 CALIBRATION 0. 1
59.227 4 NAVIGATION 4 0 0. 0. 0. 0. 0 0
59.247 4 GPS 0 66544824 531990784 0 65111 0 0 1645 410487750 32 0
59.295 4 WP_MOVED 6 665597. 5319937.5 75. 32
59.295 4 DL_VALUE 9 0.
59.320 4 DOWNLINK_STATUS 60 39943 1699 0 671. 29. -1.31127126868e+12
59.327 4 GPS 0 66544824 531990784 0 65111 0 0 1645 410488000 32 0
59.475 4 FBW_STATUS 2 0 1 112 0
59.483 4 NAVIGATION 4 0 0. 0. 0. 0. 0 0
59.503 4 GPS 0 66544824 531990784 0 65111 0 0 1645 410488000 32 0
59.503 4 CIRCLE 49.5 80.099998 80.
59.583 4 GPS 0 66544824 531990784 0 65111 0 0 1645 410488250 32 0
59.603 4 ATTITUDE 0.375178 0. 0.94034
59.611 4 DESIRED -0.6 0.29 5.5 -44. 44. 75. 4.
59.611 4 BAT 0 112 0 0 1 37 37 0
59.695 4 ESTIMATOR 0. 0.
59.699 4 GYRO_RATES -76 -1.321269 0.
59.703 4 ENERGY 11.2 0. 0 0.
59.727 4 NAVIGATION 4 0 0. 0. 0. 0. 0 0
59.747 4 GPS 0 66544824 531990784 0 65111 0 0 1645 410488250 32 0
59.791 4 WP_MOVED 7 665340.8125 5320018.5 75. 32
59.827 4 GPS 0 66544824 531990784 0 65111 0 0 1645 410488500 32 0
59.895 4 AIRSPEED 4.250607 13. 24. 7.
59.906 4 GPS_SOL 8385373 58323 9999 0
59.979 4 NAVIGATION 4 0 0. 0. 0. 0. 0 0
60.002 4 GPS 0 66544824 531990784 0 65111 0 0 1645 410488500 32 0
60.007 4 NAVIGATION 4 0 0. 0. 0. 0. 0 0
60.083 4 GPS 0 66544824 531990784 0 65111 0 0 1645 410488750 32 0
60.095 4 ATTITUDE 0.371763 0. 0.952352
60.095 4 IR_SENSORS -65 95 160 30 94
60.191 4 ESTIMATOR 0. 0.
60.227 4 NAVIGATION 4 0 0. 0. 0. 0. 0 0
60.247 4 GPS 0 66544824 531990784 0 65111 0 0 1645 410488750 32 0
60.291 4 WP_MOVED 8 665734.375 5320238.5 75. 32
60.321 4 DOWNLINK_STATUS 61 40618 1727 0 675. 28. -1.31127127368e+12
60.331 4 GPS 0 66544824 531990784 0 65111 0 0 1645 410489000 32 0
60.475 4 NAVIGATION 4 0 0. 0. 0. 0. 0 0
60.495 4 GPS 0 66544824 531990784 0 65111 0 0 1645 410489000 32 0
60.539 4 CIRCLE 49.5 80.099998 80.
60.579 4 GPS 0 66544824 531990784 0 65111 0 0 1645 410489250 32 0
60.591 4 ATTITUDE 0.384582 0. 0.948575
60.647 4 DESIRED -0.6 0.28 5.5 -44. 44. 75. 4.
60.695 4 ESTIMATOR 0. 0.
60.695 4 BAT 0 112 0 0 1 38 38 0
60.727 4 NAVIGATION 4 0 0. 0. 0. 0. 0 0
60.747 4 GPS 0 66544824 531990784 0 65111 0 0 1645 410489250 32 0
60.795 4 WP_MOVED 9 665345.5 5320111.5 75. 32
60.799 4 GYRO_RATES -82 -1.425579 0.
60.799 4 DL_VALUE 10 -0.062832
60.827 4 GPS 0 66544824 531990784 0 65111 0 0 1645 410489500 32 0
60.827 4 SVINFO 0 3 4 3 31 24 282
60.891 4 AIRSPEED 1.705148 13. 24. 7.
60.975 4 NAVIGATION 4 0 0. 0. 0. 0. 0 0
61.003 4 GPS 0 66544824 531990784 0 65111 0 0 1645 410489500 32 0
61.003 4 NAVIGATION 4 0 0. 0. 0. 0. 0 0
61.075 4 GPS 0 66544824 531990784 0 65111 0 0 1645 410489750 32 0
61.091 4 ATTITUDE 0.355275 0. 0.940251
61.187 4 ESTIMATOR 0. 0.
61.227 4 NAVIGATION 4 0 0. 0. 0. 0. 0 0
61.243 4 GPS 0 66544824 531990784 0 65111 0 0 1645 410489750 32 0
61.295 4 WP_MOVED 0 665502. 5319991. 75. 32
61.298 4 IR_SENSORS -64 100 164 36 94
61.299 4 CALIBRATION 0. 1
61.322 4 DOWNLINK_STATUS 62 41278 1755 0 660. 28. -1.31127127368e+12
61.347 4 GPS 0 66544824 531990784 0 65111 0 0 1645 410490000 32 0
61.479 4 FBW_STATUS 2 0 1 112 0
61.479 4 NAVIGATION 4 0 0. 0. 0. 0. 0 0
61.499 4 GPS 0 66544824 531990784 0 65111 0 0 1645 410490000 32 0
61.571 4 COMMANDS 0,5123,-8182
61.599 4 GPS 0 66544824 531990784 0 65111 0 0 1645 410490250 32 0
61.599 4 ATTITUDE 0.352336 0. 0.946842
61.603 4 CIRCLE 49.5 80.099998 80.
61.671 4 ACTUATORS 1290,1625,0,1005
61.695 4 ESTIMATOR 0. 0.
61.703 4 DESIRED -0.6 0.28 5.5 -44. 44. 75. 4.
61.727 4 NAVIGATION 4 0 0. 0. 0. 0. 0 0
61.747 4 GPS 0 66544824 531990784 0 65111 0 0 1645 410490250 32 0
61.795 4 WP_MOVED 1 665460. 5319949. 75. 32
61.799 4 BAT 0 112 0 0 1 39 39 0
61.827 4 GPS 0 66544824 531990784 0 65111 0 0 1645 410490500 32 0
61.899 4 AIRSPEED 2.288154 13. 24. 7.
61.899 4 GYRO_RATES -78 -1.356039 0.
61.902 4 GPS_SOL 8632012 58340 9999 0
