1.397 18 NAVIGATION 0 2 0. 0. 0. 0. 0 0
1.429 18 GPS 0 0 0 0 0 0 0 0 0 0 0
1.501 18 ATTITUDE 1.405526 0. 1.314117
1.597 18 ESTIMATOR 0. 0.
1.646 18 NAVIGATION 0 2 0. 0. 0. 0. 0 0
1.677 18 GPS 0 0 0 0 0 0 0 0 0 0 0
1.705 18 WP_MOVED 3 665540. 5320049. 75. 32
1.769 18 DESIRED 0. 0.13 0. 0. 0. 700. 0.
1.801 18 IR_SENSORS -11 65 76 54 13
1.893 18 NAVIGATION 0 2 0. 0. 0. 0. 0 0
1.929 18 GPS 0 0 0 0 0 0 0 0 0 0 0
1.957 18 NAVIGATION 0 2 0. 0. 0. 0. 0 0
2.001 18 ATTITUDE 1.416755 0. 1.324393
2.013 18 DOWNLINK 0 487 711
2.021 18 DOWNLINK_STATUS 2 1031 47 0 518. 23. 0.
2.097 18 ESTIMATOR 0. 0.
2.145 18 NAVIGATION 0 2 0. 0. 0. 0. 0 0
2.177 18 GPS 0 0 0 0 0 0 0 0 0 0 0
2.205 18 WP_MOVED 4 665470.125 5320139. 75. 32
2.225 18 BAT 0 124 0 0 1 31 0 0
2.237 18 DL_VALUE 9 0.
2.301 18 GYRO_RATES -52 -0.904026 0.
2.381 18 FBW_STATUS 2 0 1 124 0
2.409 18 NAVIGATION 0 2 0. 0. 0. 0. 0 0
2.445 18 GPS 0 0 0 0 0 0 0 0 0 0 0
2.453 18 CALIBRATION 0. 0
2.501 18 ATTITUDE 1.401524 0. 1.316276
2.597 18 ESTIMATOR 0. 0.
2.645 18 NAVIGATION 0 2 0. 0. 0. 0. 0 0
2.677 18 GPS 0 0 0 0 0 0 0 0 0 0 0
2.705 18 WP_MOVED 5 665592.3125 5320088. 75. 32
2.821 18 DESIRED 0. 0.15 0. 0. 0. 700. 0.
2.837 18 GPS_SOL 0 0 0 0
2.893 18 NAVIGATION 0 2 0. 0. 0. 0. 0 0
2.929 18 GPS 0 0 0 0 0 0 0 0 0 0 0
2.957 18 NAVIGATION 0 2 0. 0. 0. 0. 0 0
3.001 18 ATTITUDE 1.384665 0. 1.304737
3.021 18 IR_SENSORS -12 71 83 59 15
3.022 18 DOWNLINK_STATUS 3 1536 70 0 505. 23. 0.
3.097 18 ESTIMATOR 0. 0.
3.145 18 NAVIGATION 0 2 0. 0. 0. 0. 0 0
3.177 18 GPS 0 0 0 0 0 0 0 0 0 0 0
3.205 18 WP_MOVED 6 665597. 5319937.5 75. 32
3.305 18 BAT 0 124 0 0 1 32 0 0
3.393 18 NAVIGATION 0 2 0. 0. 0. 0. 0 0
3.429 18 GPS 0 0 0 0 0 0 0 0 0 0 0
3.445 18 GYRO_RATES -55 -0.956181 0.
3.501 18 ATTITUDE 1.371915 0. 1.298182
3.597 18 ESTIMATOR 0. 0.
3.617 18 ENERGY 12.4 0. 0 0.
3.645 18 NAVIGATION 0 2 0. 0. 0. 0. 0 0
3.681 18 GPS 0 0 0 0 0 0 0 0 0 0 0
3.705 18 WP_MOVED 7 665340.8125 5320018.5 75. 32
3.717 18 DL_VALUE 10 -0.062832
3.869 18 DESIRED 0. 0.12 0. 0. 0. 700. 0.
3.897 18 NAVIGATION 0 2 0. 0. 0. 0. 0 0
3.929 18 GPS 0 0 0 0 0 0 0 0 0 0 0
3.957 18 NAVIGATION 0 2 0. 0. 0. 0. 0 0
4.001 18 ATTITUDE 1.384665 0. 1.308858
4.022 18 DOWNLINK_STATUS 4 2003 90 0 467. 20. 0.
4.097 18 ESTIMATOR 0. 0.
4.145 18 NAVIGATION 0 2 0. 0. 0. 0. 0 0
4.177 18 GPS 0 0 0 0 0 0 0 0 0 0 0
4.205 18 WP_MOVED 8 665734.375 5320238.5 75. 32
4.221 18 IR_SENSORS -12 66 78 54 15
4.381 18 FBW_STATUS 2 0 1 124 0
4.409 18 NAVIGATION 0 2 0. 0. 0. 0. 0 0
4.441 18 GPS 0 0 0 0 0 0 0 0 0 0 0
4.465 18 BAT 0 124 0 0 1 34 0 0
4.501 18 ATTITUDE 1.405526 0. 1.318381
4.517 18 GYRO_RATES -54 -0.938796 0.
4.529 18 CALIBRATION 0. 0
4.597 18 ESTIMATOR 0. 0.
4.645 18 NAVIGATION 0 2 0. 0. 0. 0. 0 0
4.677 18 GPS 0 0 0 0 0 0 0 0 0 0 0
4.705 18 WP_MOVED 9 665345.5 5320111.5 75. 32
4.801 18 GPS_SOL 0 0 0 0
4.893 18 NAVIGATION 0 2 0. 0. 0. 0. 0 0
4.929 18 GPS 0 0 0 0 0 0 0 0 0 0 0
4.957 18 NAVIGATION 0 2 0. 0. 0. 0. 0 0
4.993 18 DESIRED 0. 0.15 0. 0. 0. 700. 0.
5.009 18 ATTITUDE 1.388649 0. 1.302603
5.023 18 DOWNLINK_STATUS 5 2497 112 0 494. 22. 0.
5.097 18 ESTIMATOR 0. 0.
5.145 18 NAVIGATION 0 2 0. 0. 0. 0. 0 0
5.177 18 GPS 0 0 0 0 0 0 0 0 0 0 0
5.205 18 WP_MOVED 0 665502. 5319991. 75. 32
5.217 18 DL_VALUE 11 0.087266
5.393 18 NAVIGATION 0 2 0. 0. 0. 0. 0 0
5.429 18 GPS 0 0 0 0 0 0 0 0 0 0 0
5.445 18 IR_SENSORS -12 65 77 53 13
5.481 18 COMMANDS 0,8907,-9600
5.501 18 ATTITUDE 1.362681 0. 1.293542
5.525 18 BAT 0 124 0 0 1 35 0 0
5.541 18 PONG 
5.581 18 ACTUATORS 1290,1526,0,1000
5.597 18 ESTIMATOR 0. 0.
5.613 18 GYRO_RATES -52 -0.904026 0.
5.645 18 NAVIGATION 0 2 0. 0. 0. 0. 0 0
5.677 18 GPS 0 0 0 0 0 0 0 0 0 0 0
5.705 18 WP_MOVED 1 665460. 5319949. 75. 32
5.893 18 NAVIGATION 0 2 0. 0. 0. 0. 0 0
5.929 18 GPS 0 0 0 0 0 0 0 0 0 0 0
5.957 18 NAVIGATION 0 2 0. 0. 0. 0. 0 0
5.993 18 DESIRED 0. 0.13 0. 0. 0. 700. 0.
6.009 18 ATTITUDE 1.384665 0. 1.308858
6.024 18 DOWNLINK_STATUS 6 2994 135 0 497. 23. 19.94
6.097 18 ESTIMATOR 0. 0.
6.117 18 ENERGY 12.4 0. 0 0.
6.145 18 NAVIGATION 0 2 0. 0. 0. 0. 0 0
6.181 18 GPS 0 0 0 0 0 0 0 0 0 0 0
6.205 18 WP_MOVED 2 665509.5 5320029. 75. 32
6.229 18 ALIVE 48,62,197,168,220,58,16,31,103,101,28,90,223,40,144,4
6.297 18 PPRZ_MODE 2 0 0 0 0 6
6.381 18 FBW_STATUS 2 0 1 124 0
6.409 18 NAVIGATION 0 2 0. 0. 0. 0. 0 0
6.441 18 GPS 0 0 0 0 0 0 0 0 0 0 0
6.501 18 ATTITUDE 1.367376 0. 1.300419
6.597 18 ESTIMATOR 0. 0.
6.617 18 BAT 0 124 0 0 1 36 0 0
6.637 18 IR_SENSORS -13 68 81 55 15
6.645 18 CALIBRATION 0. 0
6.673 18 NAVIGATION 0 2 0. 0. 0. 0. 0 0
6.709 18 GPS 0 0 0 0 0 0 0 0 0 0 0
6.729 18 WP_MOVED 3 665540. 5320049. 75. 32
6.745 18 GYRO_RATES -55 -0.956181 0.
6.757 18 DL_VALUE 0 700.
6.801 18 GPS_SOL 0 0 0 0
6.893 18 NAVIGATION 0 2 0. 0. 0. 0. 0 0
6.929 18 GPS 0 0 0 0 0 0 0 0 0 0 0
6.957 18 NAVIGATION 0 2 0. 0. 0. 0. 0 0
7.001 18 ATTITUDE 1.368811 0. 1.297472
7.025 18 DOWNLINK_STATUS 7 3520 160 0 526. 25. 19.94
7.037 18 DESIRED 0. 0.14 0. 0. 0. 700. 0.
7.097 18 ESTIMATOR 0. 0.
7.109 18 DOWNLINK 0 499 827
7.145 18 NAVIGATION 0 2 0. 0. 0. 0. 0 0
7.177 18 GPS 0 0 0 0 0 0 0 0 0 0 0
7.205 18 WP_MOVED 4 665470.125 5320139. 75. 32
7.393 18 NAVIGATION 0 2 0. 0. 0. 0. 0 0
7.429 18 GPS 0 0 0 0 0 0 0 0 0 0 0
7.501 18 ATTITUDE 1.367376 0. 1.300419
7.517 18 NAVIGATION_REF 665460 5319949 32
7.597 18 ESTIMATOR 0. 0.
7.645 18 NAVIGATION 0 2 0. 0. 0. 0. 0 0
7.677 18 GPS 0 0 0 0 0 0 0 0 0 0 0
7.705 18 WP_MOVED 5 665592.3125 5320088. 75. 32
7.725 18 BAT 0 124 0 0 1 37 0 0
7.801 18 GYRO_RATES -54 -0.938796 0.
7.817 18 IR_SENSORS -12 68 80 56 15
7.893 18 NAVIGATION 0 2 0. 0. 0. 0. 0 0
7.929 18 GPS 0 0 0 0 0 0 0 0 0 0 0
7.957 18 NAVIGATION 0 2 0. 0. 0. 0. 0 0
8.001 18 ATTITUDE 1.380553 0. 1.302603
8.025 18 DOWNLINK_STATUS 8 3998 181 0 478. 21. 19.94
8.069 18 DESIRED 0. 0.13 0. 0. 0. 700. 0.
8.097 18 ESTIMATOR 0. 0.
8.145 18 NAVIGATION 0 2 0. 0. 0. 0. 0 0
8.177 18 GPS 0 0 0 0 0 0 0 0 0 0 0
8.205 18 WP_MOVED 6 665597. 5319937.5 75. 32
8.217 18 DL_VALUE 1 0.
8.381 18 FBW_STATUS 2 0 1 124 0
8.409 18 NAVIGATION 0 2 0. 0. 0. 0. 0 0
8.441 18 GPS 0 0 0 0 0 0 0 0 0 0 0
8.501 18 ATTITUDE 1.345573 0. 1.286134
8.597 18 ESTIMATOR 0. 0.
8.617 18 ENERGY 12.4 0. 0 0.
8.645 18 NAVIGATION 0 2 0. 0. 0. 0. 0 0
8.681 18 GPS 0 0 0 0 0 0 0 0 0 0 0
8.705 18 WP_MOVED 7 665340.8125 5320018.5 75. 32
8.717 18 CALIBRATION 0. 0
8.805 18 BAT 0 124 0 0 1 38 0 0
8.821 18 GPS_SOL 0 0 0 0
8.893 18 NAVIGATION 0 2 0. 0. 0. 0. 0 0
8.929 18 GPS 0 0 0 0 0 0 0 0 0 0 0
8.957 18 NAVIGATION 0 2 0. 0. 0. 0. 0 0
8.973 18 GYRO_RATES -53 -0.921411 0.
9.001 18 ATTITUDE 1.384665 0. 1.308858
9.017 18 IR_SENSORS -13 72 85 59 15
9.026 18 DOWNLINK_STATUS 9 4523 205 0 525. 24. 19.94
9.097 18 ESTIMATOR 0. 0.
9.133 18 DESIRED 0. 0.14 0. 0. 0. 700. 0.
9.161 18 NAVIGATION 0 2 0. 0. 0. 0. 0 0
9.197 18 GPS 0 0 0 0 0 0 0 0 0 0 0
9.217 18 WP_MOVED 8 665734.375 5320238.5 75. 32
9.393 18 NAVIGATION 0 2 0. 0. 0. 0. 0 0
9.429 18 GPS 0 0 0 0 0 0 0 0 0 0 0
9.501 18 ATTITUDE 1.345573 0. 1.290829
9.597 18 ESTIMATOR 0. 0.
9.645 18 NAVIGATION 0 2 0. 0. 0. 0. 0 0
9.677 18 GPS 0 0 0 0 0 0 0 0 0 0 0
9.705 18 WP_MOVED 9 665345.5 5320111.5 75. 32
9.717 18 DL_VALUE 2 0.
9.893 18 NAVIGATION 0 2 0. 0. 0. 0. 0 0
9.929 18 GPS 0 0 0 0 0 0 0 0 0 0 0
9.957 18 NAVIGATION 0 2 0. 0. 0. 0. 0 0
9.977 18 BAT 0 124 0 0 1 39 0 0
10.001 18 ATTITUDE 1.377112 0. 1.305655
10.017 18 GYRO_RATES -63 -1.095262 0.
10.027 18 DOWNLINK_STATUS 10 4970 224 0 447. 19. 19.94
10.097 18 ESTIMATOR 0. 0.
10.145 18 NAVIGATION 0 2 0. 0. 0. 0. 0 0
10.177 18 GPS 0 0 0 0 0 0 0 0 0 0 0
10.213 18 DESIRED 0. 0.13 0. 0. 0. 700. 0.
10.233 18 WP_MOVED 0 665502. 5319991. 75. 32
10.253 18 IR_SENSORS -14 68 82 54 16
10.381 18 FBW_STATUS 2 0 1 124 0
10.409 18 NAVIGATION 0 2 0. 0. 0. 0. 0 0
10.441 18 GPS 0 0 0 0 0 0 0 0 0 0 0
10.481 18 COMMANDS 0,9159,-9600
10.501 18 ATTITUDE 1.345573 0. 1.290829
10.541 18 PONG 
10.581 18 ACTUATORS 1290,1527,0,1000
10.597 18 ESTIMATOR 0. 0.
10.645 18 NAVIGATION 0 2 0. 0. 0. 0. 0 0
10.677 18 GPS 0 0 0 0 0 0 0 0 0 0 0
10.705 18 WP_MOVED 1 665460. 5319949. 75. 32
10.801 18 GPS_SOL 0 0 0 0
10.813 18 CALIBRATION 0. 0
10.893 18 NAVIGATION 0 2 0. 0. 0. 0. 0 0
10.929 18 GPS 0 0 0 0 0 0 0 0 0 0 0
10.957 18 NAVIGATION 0 2 0. 0. 0. 0. 0 0
11.001 18 ATTITUDE 1.384665 0. 1.308858
11.021 18 BAT 0 124 0 0 1 40 0 0
11.028 18 DOWNLINK_STATUS 11 5482 248 0 512. 24. 19.74
11.097 18 ESTIMATOR 0. 0.
11.113 18 GYRO_RATES -60 -1.043107 0.
11.133 18 ENERGY 12.4 0. 0 0.
11.161 18 NAVIGATION 0 2 0. 0. 0. 0. 0 0
11.197 18 GPS 0 0 0 0 0 0 0 0 0 0 0
11.217 18 WP_MOVED 2 665509.5 5320029. 75. 32
11.253 18 DESIRED 0. 0.14 0. 0. 0. 700. 0.
11.265 18 DL_VALUE 3 0.
11.289 18 ALIVE 48,62,197,168,220,58,16,31,103,101,28,90,223,40,144,4
11.301 18 PPRZ_MODE 2 0 0 0 0 6
11.393 18 NAVIGATION 0 2 0. 0. 0. 0. 0 0
11.429 18 GPS 0 0 0 0 0 0 0 0 0 0 0
11.445 18 IR_SENSORS -13 66 79 53 16
11.501 18 ATTITUDE 1.340441 0. 1.28851
11.597 18 ESTIMATOR 0. 0.
11.645 18 NAVIGATION 0 2 0. 0. 0. 0. 0 0
11.677 18 GPS 0 0 0 0 0 0 0 0 0 0 0
11.705 18 WP_MOVED 3 665540. 5320049. 75. 32
11.893 18 NAVIGATION 0 2 0. 0. 0. 0. 0 0
11.929 18 GPS 0 0 0 0 0 0 0 0 0 0 0
11.957 18 NAVIGATION 0 2 0. 0. 0. 0. 0 0
12.001 18 ATTITUDE 1.337513 0. 1.279512
12.029 18 DOWNLINK_STATUS 12 5980 270 0 498. 22. 19.74
12.097 18 ESTIMATOR 0. 0.
12.117 18 BAT 0 124 0 0 1 41 0 0
12.145 18 NAVIGATION 0 2 0. 0. 0. 0. 0 0
12.181 18 GPS 0 0 0 0 0 0 0 0 0 0 0
12.205 18 WP_MOVED 4 665470.125 5320139. 75. 32
12.221 18 GYRO_RATES -54 -0.938796 0.
12.233 18 DOWNLINK 0 498 941
12.269 18 DESIRED 0. 0.13 0. 0. 0. 700. 0.
12.383 18 FBW_STATUS 2 0 1 124 0
12.410 18 NAVIGATION 0 2 0. 0. 0. 0. 0 0
12.441 18 GPS 0 0 0 0 0 0 0 0 0 0 0
12.501 18 ATTITUDE 1.340441 0. 1.28851
12.597 18 ESTIMATOR 0. 0.
12.613 18 IR_SENSORS -14 68 82 54 16
12.641 18 NAVIGATION 0 2 0. 0. 0. 0. 0 0
12.677 18 GPS 0 0 0 0 0 0 0 0 0 0 0
12.705 18 WP_MOVED 5 665592.3125 5320088. 75. 32
12.713 18 DL_VALUE 4 80.
12.801 18 GPS_SOL 0 0 0 0
12.893 18 NAVIGATION 0 2 0. 0. 0. 0. 0 0
12.929 18 GPS 0 0 0 0 0 0 0 0 0 0 0
12.953 18 NAVIGATION 0 2 0. 0. 0. 0. 0 0
12.965 18 CALIBRATION 0. 0
13.001 18 ATTITUDE 1.337513 0. 1.283975
13.030 18 DOWNLINK_STATUS 13 6496 294 0 516. 24. 19.74
13.097 18 ESTIMATOR 0. 0.
13.141 18 NAVIGATION 0 2 0. 0. 0. 0. 0 0
13.177 18 GPS 0 0 0 0 0 0 0 0 0 0 0
13.205 18 WP_MOVED 6 665597. 5319937.5 75. 32
13.225 18 BAT 0 124 0 0 1 42 0 0
13.317 18 DESIRED 0. 0.14 0. 0. 0. 700. 0.
13.333 18 GYRO_RATES -55 -0.956181 0.
13.393 18 NAVIGATION 0 2 0. 0. 0. 0. 0 0
13.429 18 GPS 0 0 0 0 0 0 0 0 0 0 0
13.501 18 ATTITUDE 1.306228 0. 1.274848
