8.985 18 DOWNLINK_STATUS 9 212 13 48 23. 1. 32.92
8.988 18 DOWNLINK_STATUS 12 1671 79 42 18. 1. -1.30988163193e+12
9.036 18 DOWNLINK 0 498 371
9.276 18 WIND_INFO 18 42 0. 0. 0.
9.451 18 NAVIGATION 0 2 0. 0. 0. 0. 0 0
9.985 18 DOWNLINK_STATUS 10 238 14 54 26. 1. 32.92
9.989 18 DOWNLINK_STATUS 13 1682 80 45 11. 1. -1.30988163193e+12
10.235 18 GPS 0 0 0 0 0 0 0 0 0 0 0
10.307 18 ATTITUDE 1.035066 0. 1.163794
10.986 18 DOWNLINK_STATUS 11 289 16 60 51. 2. -4967.88
10.990 18 DOWNLINK_STATUS 14 1682 80 45 0. 0. -1.30988163193e+12
11.107 18 GPS_SOL 0 0 0 0
11.339 18 WIND_INFO 18 42 0. 0. 0.
11.403 18 ESTIMATOR 0. 0.
11.987 18 DOWNLINK_STATUS 12 320 18 64 31. 2. -4967.88
11.991 18 DOWNLINK_STATUS 15 1682 80 45 0. 0. -1.30988163193e+12
12.511 18 WP_MOVED 0 665502. 5319991. 75. 32
12.787 18 COMMANDS 0,303,-9600
12.807 18 ATTITUDE 1.023524 0. 1.154332
12.983 18 GPS 0 0 0 0 0 0 0 0 0 0 0
12.988 18 DOWNLINK_STATUS 13 340 19 69 20. 1. -4967.88
12.992 18 DOWNLINK_STATUS 16 1746 83 59 64. 3. -1.30988163693e+12
13.200 18 NAVIGATION 0 2 0. 0. 0. 0. 0 0
13.607 18 GYRO_RATES -313 -5.441541 0.
13.619 18 PPRZ_MODE 2 0 0 0 0 6
13.989 18 DOWNLINK_STATUS 14 368 21 75 28. 2. -4967.88
14.034 18 DOWNLINK_STATUS 17 1772 84 60 26. 1. -1.30988163693e+12
14.767 18 GYRO_RATES -313 -5.441541 0.
14.989 18 DOWNLINK_STATUS 15 368 21 75 0. 0. -4967.88
14.994 18 DOWNLINK_STATUS 18 1788 85 67 16. 1. -1.30988163693e+12
15.527 18 PONG 
15.775 18 IR_SENSORS -113 329 442 216 150
15.990 18 DOWNLINK_STATUS 16 390 23 87 22. 2. 43.97
15.994 18 DOWNLINK_STATUS 19 1788 85 67 0. 0. -1.30988163693e+12
16.263 18 NAVIGATION 0 2 0. 0. 0. 0. 0 0
16.319 18 CALIBRATION 0. 0
16.403 18 ESTIMATOR 0. 0.
16.687 18 FBW_STATUS 2 0 1 115 0
