4.273 18 NAVIGATION 0 2 0. 0. 0. 0. 0 0
4.305 18 GPS 0 0 0 0 0 0 0 0 0 0 0
4.321 18 GYRO_RATES -55 -0.956181 0.
4.341 18 IR_SENSORS -12 68 80 56 15
4.348 18 CALIBRATION 0. 0
4.381 18 ATTITUDE 1.367376 0. 1.29589
4.477 18 ESTIMATOR 0. 0.
4.485 18 DOWNLINK 0 501 256
4.521 18 NAVIGATION 0 2 0. 0. 0. 0. 0 0
4.557 18 GPS 0 0 0 0 0 0 0 0 0 0 0
4.581 18 WP_MOVED 3 665540. 5320049. 75. 32
4.697 18 DESIRED 0. 0.14 0. 0. 0. 700. 0.
4.773 18 NAVIGATION 0 2 0. 0. 0. 0. 0 0
4.805 18 GPS 0 0 0 0 0 0 0 0 0 0 0
4.833 18 NAVIGATION 0 2 0. 0. 0. 0. 0 0
4.881 18 ATTITUDE 1.380553 0. 1.302603
4.977 18 ESTIMATOR 0. 0.
5.021 18 NAVIGATION 0 2 0. 0. 0. 0. 0 0
5.057 18 GPS 0 0 0 0 0 0 0 0 0 0 0
5.081 18 WP_MOVED 4 665470.125 5320139. 75. 32
5.081 18 DOWNLINK_STATUS 5 2454 109 0 520. 24. 0.
5.256 18 FBW_STATUS 2 0 1 124 0
5.285 18 NAVIGATION 0 2 0. 0. 0. 0. 0 0
5.321 18 GPS 0 0 0 0 0 0 0 0 0 0 0
5.340 18 BAT 0 124 0 0 1 12 0 0
5.377 18 ATTITUDE 1.405526 0. 1.314117
5.397 18 GYRO_RATES -53 -0.921411 0.
5.473 18 ESTIMATOR 0. 0.
5.492 18 IR_SENSORS -10 66 76 56 13
5.521 18 NAVIGATION 0 2 0. 0. 0. 0. 0 0
5.553 18 GPS 0 0 0 0 0 0 0 0 0 0 0
5.581 18 WP_MOVED 5 665592.3125 5320088. 75. 32
5.592 18 DL_VALUE 8 0.
5.600 18 PONG 
5.676 18 GPS_SOL 0 0 0 0
5.745 18 DESIRED 0. 0.12 0. 0. 0. 700. 0.
5.773 18 NAVIGATION 0 2 0. 0. 0. 0. 0 0
5.809 18 GPS 0 0 0 0 0 0 0 0 0 0 0
5.833 18 NAVIGATION 0 2 0. 0. 0. 0. 0 0
5.877 18 ATTITUDE 1.384665 0. 1.304737
5.973 18 ESTIMATOR 0. 0.
6.021 18 NAVIGATION 0 2 0. 0. 0. 0. 0 0
6.053 18 GPS 0 0 0 0 0 0 0 0 0 0 0
6.081 18 WP_MOVED 6 665597. 5319937.5 75. 32
6.082 18 DOWNLINK_STATUS 6 2954 132 0 500. 23. 19.76
6.269 18 NAVIGATION 0 2 0. 0. 0. 0. 0 0
6.305 18 GPS 0 0 0 0 0 0 0 0 0 0 0
6.377 18 ATTITUDE 1.401524 0. 1.316276
6.401 18 BAT 0 124 0 0 1 13 0 0
6.410 18 CALIBRATION 0. 0
6.473 18 ESTIMATOR 0. 0.
6.493 18 GYRO_RATES -52 -0.904026 0.
6.513 18 ENERGY 12.4 0. 0 0.
6.541 18 NAVIGATION 0 2 0. 0. 0. 0. 0 0
6.573 18 GPS 0 0 0 0 0 0 0 0 0 0 0
6.593 18 WP_MOVED 7 665340.8125 5320018.5 75. 32
6.676 18 IR_SENSORS -11 66 77 55 13
6.773 18 NAVIGATION 0 2 0. 0. 0. 0. 0 0
6.804 18 GPS 0 0 0 0 0 0 0 0 0 0 0
6.832 18 NAVIGATION 0 2 0. 0. 0. 0. 0 0
6.869 18 DESIRED 0. 0.15 0. 0. 0. 700. 0.
6.889 18 ATTITUDE 1.42026 0. 1.326302
6.973 18 ESTIMATOR 0. 0.
7.021 18 NAVIGATION 0 2 0. 0. 0. 0. 0 0
7.057 18 GPS 0 0 0 0 0 0 0 0 0 0 0
7.081 18 WP_MOVED 8 665734.375 5320238.5 75. 32
7.083 18 DOWNLINK_STATUS 7 3437 153 0 483. 21. 19.76
7.093 18 DL_VALUE 9 0.
7.261 18 FBW_STATUS 2 0 1 124 0
7.285 18 NAVIGATION 0 2 0. 0. 0. 0. 0 0
7.321 18 GPS 0 0 0 0 0 0 0 0 0 0 0
7.381 18 ATTITUDE 1.409393 0. 1.320435
7.473 18 ESTIMATOR 0. 0.
7.497 18 BAT 0 124 0 0 1 14 0 0
7.525 18 NAVIGATION 0 2 0. 0. 0. 0. 0 0
7.557 18 GPS 0 0 0 0 0 0 0 0 0 0 0
7.581 18 WP_MOVED 9 665345.5 5320111.5 75. 32
7.596 18 GYRO_RATES -55 -0.956181 0.
7.677 18 GPS_SOL 0 0 0 0
7.773 18 NAVIGATION 0 2 0. 0. 0. 0. 0 0
7.805 18 GPS 0 0 0 0 0 0 0 0 0 0 0
7.833 18 NAVIGATION 0 2 0. 0. 0. 0. 0 0
7.869 18 DESIRED 0. 0.13 0. 0. 0. 700. 0.
7.888 18 ATTITUDE 1.384665 0. 1.308858
7.904 18 IR_SENSORS -13 72 85 59 15
7.977 18 ESTIMATOR 0. 0.
8.021 18 NAVIGATION 0 2 0. 0. 0. 0. 0 0
8.057 18 GPS 0 0 0 0 0 0 0 0 0 0 0
8.081 18 WP_MOVED 0 665502. 5319991. 75. 32
8.084 18 DOWNLINK_STATUS 8 3931 175 0 494. 22. 19.76
8.273 18 NAVIGATION 0 2 0. 0. 0. 0. 0 0
8.305 18 GPS 0 0 0 0 0 0 0 0 0 0 0
8.356 18 COMMANDS 0,8704,-9600
8.381 18 ATTITUDE 1.409393 0. 1.316276
8.460 18 ACTUATORS 1290,1544,0,1000
8.473 18 ESTIMATOR 0. 0.
8.485 18 CALIBRATION 0. 0
8.521 18 NAVIGATION 0 2 0. 0. 0. 0. 0 0
8.557 18 GPS 0 0 0 0 0 0 0 0 0 0 0
8.585 18 WP_MOVED 1 665460. 5319949. 75. 32
8.601 18 BAT 0 124 0 0 1 15 0 0
8.612 18 DL_VALUE 10 -0.062832
8.677 18 GYRO_RATES -52 -0.904026 0.
8.773 18 NAVIGATION 0 2 0. 0. 0. 0. 0 0
8.805 18 GPS 0 0 0 0 0 0 0 0 0 0 0
8.833 18 NAVIGATION 0 2 0. 0. 0. 0. 0 0
8.877 18 ATTITUDE 1.413134 0. 1.322438
8.913 18 DESIRED 0. 0.15 0. 0. 0. 700. 0.
8.973 18 ESTIMATOR 0. 0.
8.997 18 ENERGY 12.4 0. 0 0.
9.021 18 NAVIGATION 0 2 0. 0. 0. 0. 0 0
9.057 18 GPS 0 0 0 0 0 0 0 0 0 0 0
9.081 18 WP_MOVED 2 665509.5 5320029. 75. 32
9.085 18 DOWNLINK_STATUS 9 4437 198 0 506. 23. 19.76
9.096 18 IR_SENSORS -11 65 76 54 13
9.121 18 ALIVE 48,62,197,168,220,58,16,31,103,101,28,90,223,40,144,4
9.173 18 PPRZ_MODE 2 0 0 0 0 6
9.257 18 FBW_STATUS 2 0 1 124 0
9.285 18 NAVIGATION 0 2 0. 0. 0. 0. 0 0
9.321 18 GPS 0 0 0 0 0 0 0 0 0 0 0
9.377 18 ATTITUDE 1.371915 0. 1.293542
9.473 18 ESTIMATOR 0. 0.
9.521 18 NAVIGATION 0 2 0. 0. 0. 0. 0 0
9.553 18 GPS 0 0 0 0 0 0 0 0 0 0 0
9.581 18 WP_MOVED 3 665540. 5320049. 75. 32
9.592 18 DOWNLINK 0 497 369
9.681 18 BAT 0 124 0 0 1 16 0 0
9.697 18 GPS_SOL 0 0 0 0
9.769 18 NAVIGATION 0 2 0. 0. 0. 0. 0 0
9.805 18 GPS 0 0 0 0 0 0 0 0 0 0 0
9.833 18 NAVIGATION 0 2 0. 0. 0. 0. 0 0
9.849 18 GYRO_RATES -52 -0.904026 0.
9.877 18 ATTITUDE 1.42026 0. 1.326302
9.945 18 DESIRED 0. 0.13 0. 0. 0. 700. 0.
9.973 18 ESTIMATOR 0. 0.
10.021 18 NAVIGATION 0 2 0. 0. 0. 0. 0 0
10.057 18 GPS 0 0 0 0 0 0 0 0 0 0 0
10.081 18 WP_MOVED 4 665470.125 5320139. 75. 32
10.085 18 DOWNLINK_STATUS 10 4966 222 0 529. 24. 19.76
10.092 18 DL_VALUE 11 0.087266
10.273 18 NAVIGATION 0 2 0. 0. 0. 0. 0 0
10.305 18 GPS 0 0 0 0 0 0 0 0 0 0 0
10.320 18 IR_SENSORS -12 68 80 56 13
10.377 18 ATTITUDE 1.405526 0. 1.322438
10.473 18 ESTIMATOR 0. 0.
10.521 18 NAVIGATION 0 2 0. 0. 0. 0. 0 0
10.557 18 GPS 0 0 0 0 0 0 0 0 0 0 0
10.581 18 WP_MOVED 5 665592.3125 5320088. 75. 32
10.592 18 CALIBRATION 0. 0
10.600 18 PONG 
10.773 18 NAVIGATION 0 2 0. 0. 0. 0. 0 0
10.805 18 GPS 0 0 0 0 0 0 0 0 0 0 0
10.833 18 NAVIGATION 0 2 0. 0. 0. 0. 0 0
10.853 18 BAT 0 124 0 0 1 17 0 0
10.881 18 ATTITUDE 1.384665 0. 1.304737
10.896 18 GYRO_RATES -58 -1.008337 0.
10.973 18 ESTIMATOR 0. 0.
11.009 18 DESIRED 0. 0.14 0. 0. 0. 700. 0.
11.037 18 NAVIGATION 0 2 0. 0. 0. 0. 0 0
11.073 18 GPS 0 0 0 0 0 0 0 0 0 0 0
11.085 18 DOWNLINK_STATUS 11 5426 243 0 460. 21. 19.78
11.093 18 WP_MOVED 6 665597. 5319937.5 75. 32
11.257 18 FBW_STATUS 2 0 1 124 0
11.285 18 NAVIGATION 0 2 0. 0. 0. 0. 0 0
11.321 18 GPS 0 0 0 0 0 0 0 0 0 0 0
11.377 18 ATTITUDE 1.405526 0. 1.318381
11.473 18 ESTIMATOR 0. 0.
11.492 18 IR_SENSORS -11 67 78 56 13
11.513 18 ENERGY 12.5 0. 0 0.
11.541 18 NAVIGATION 0 2 0. 0. 0. 0. 0 0
11.573 18 GPS 0 0 0 0 0 0 0 0 0 0 0
11.593 18 WP_MOVED 7 665340.8125 5320018.5 75. 32
11.604 18 DL_VALUE 0 700.
11.676 18 GPS_SOL 0 0 0 0
11.769 18 NAVIGATION 0 2 0. 0. 0. 0. 0 0
11.805 18 GPS 0 0 0 0 0 0 0 0 0 0 0
11.833 18 NAVIGATION 0 2 0. 0. 0. 0. 0 0
11.877 18 ATTITUDE 1.416755 0. 1.320435
11.901 18 BAT 0 124 0 0 1 18 0 0
11.973 18 ESTIMATOR 0. 0.
11.992 18 GYRO_RATES -55 -0.956181 0.
12.021 18 NAVIGATION 0 2 0. 0. 0. 0. 0 0
12.053 18 GPS 0 0 0 0 0 0 0 0 0 0 0
12.085 18 DOWNLINK_STATUS 12 5906 265 0 480. 22. 19.78
12.089 18 DESIRED 0. 0.12 0. 0. 0. 700. 0.
12.113 18 WP_MOVED 8 665734.375 5320238.5 75. 32
12.269 18 NAVIGATION 0 2 0. 0. 0. 0. 0 0
12.305 18 GPS 0 0 0 0 0 0 0 0 0 0 0
12.377 18 ATTITUDE 1.401524 0. 1.316276
12.392 18 NAVIGATION_REF 665460 5319949 32
12.473 18 ESTIMATOR 0. 0.
12.521 18 NAVIGATION 0 2 0. 0. 0. 0. 0 0
12.553 18 GPS 0 0 0 0 0 0 0 0 0 0 0
12.581 18 WP_MOVED 9 665345.5 5320111.5 75. 32
12.677 18 IR_SENSORS -12 67 79 55 15
12.688 18 CALIBRATION 0. 0
12.769 18 NAVIGATION 0 2 0. 0. 0. 0. 0 0
12.805 18 GPS 0 0 0 0 0 0 0 0 0 0 0
12.833 18 NAVIGATION 0 2 0. 0. 0. 0. 0 0
12.877 18 ATTITUDE 1.384665 0. 1.300419
12.973 18 ESTIMATOR 0. 0.
12.997 18 BAT 0 124 0 0 1 19 0 0
13.021 18 NAVIGATION 0 2 0. 0. 0. 0. 0 0
13.057 18 GPS 0 0 0 0 0 0 0 0 0 0 0
13.081 18 WP_MOVED 0 665502. 5319991. 75. 32
13.085 18 DOWNLINK_STATUS 13 6388 286 0 482. 21. 19.78
13.117 18 DESIRED 0. 0.15 0. 0. 0. 700. 0.
13.132 18 GYRO_RATES -52 -0.904026 0.
13.144 18 DL_VALUE 1 0.
13.257 18 FBW_STATUS 2 0 1 125 0
13.289 18 NAVIGATION 0 2 0. 0. 0. 0. 0 0
13.321 18 GPS 0 0 0 0 0 0 0 0 0 0 0
13.356 18 COMMANDS 0,8419,-9600
13.381 18 ATTITUDE 1.405526 0. 1.318381
13.460 18 ACTUATORS 1290,1559,0,1000
13.477 18 ESTIMATOR 0. 0.
13.521 18 NAVIGATION 0 2 0. 0. 0. 0. 0 0
13.556 18 GPS 0 0 0 0 0 0 0 0 0 0 0
13.580 18 WP_MOVED 1 665460. 5319949. 75. 32
13.677 18 GPS_SOL 0 0 0 0
13.773 18 NAVIGATION 0 2 0. 0. 0. 0. 0 0
13.805 18 GPS 0 0 0 0 0 0 0 0 0 0 0
13.832 18 NAVIGATION 0 2 0. 0. 0. 0. 0 0
13.877 18 ATTITUDE 1.384665 0. 1.304737
13.896 18 IR_SENSORS -12 71 83 59 15
13.973 18 ESTIMATOR 0. 0.
13.997 18 ENERGY 12.4 0. 0 0.
14.025 18 NAVIGATION 0 2 0. 0. 0. 0. 0 0
14.057 18 GPS 0 0 0 0 0 0 0 0 0 0 0
14.081 18 WP_MOVED 2 665509.5 5320029. 75. 32
14.085 18 DOWNLINK_STATUS 14 6910 310 0 522. 24. 19.78
14.101 18 BAT 0 124 0 0 1 20 0 0
14.125 18 ALIVE 48,62,197,168,220,58,16,31,103,101,28,90,223,40,144,4
14.161 18 DESIRED 0. 0.13 0. 0. 0. 700. 0.
14.177 18 GYRO_RATES -52 -0.904026 0.
14.189 18 PPRZ_MODE 2 0 0 0 0 6
14.273 18 NAVIGATION 0 2 0. 0. 0. 0. 0 0
14.305 18 GPS 0 0 0 0 0 0 0 0 0 0 0
14.377 18 ATTITUDE 1.367376 0. 1.29589
14.473 18 ESTIMATOR 0. 0.
14.521 18 NAVIGATION 0 2 0. 0. 0. 0. 0 0
14.557 18 GPS 0 0 0 0 0 0 0 0 0 0 0
14.581 18 WP_MOVED 3 665540. 5320049. 75. 32
14.592 18 DL_VALUE 2 0.
14.672 18 DOWNLINK 0 494 483
14.773 18 NAVIGATION 0 2 0. 0. 0. 0. 0 0
14.805 18 GPS 0 0 0 0 0 0 0 0 0 0 0
14.833 18 NAVIGATION 0 2 0. 0. 0. 0. 0 0
14.844 18 CALIBRATION 0. 0
14.881 18 ATTITUDE 1.439387 0. 1.336452
14.973 18 ESTIMATOR 0. 0.
15.021 18 NAVIGATION 0 2 0. 0. 0. 0. 0 0
15.057 18 GPS 0 0 0 0 0 0 0 0 0 0 0
15.081 18 WP_MOVED 4 665470.125 5320139. 75. 32
15.085 18 DOWNLINK_STATUS 15 7414 333 0 504. 23. 19.78
15.096 18 IR_SENSORS -10 65 75 55 13
15.197 18 DESIRED 0. 0.15 0. 0. 0. 700. 0.
15.217 18 BAT 0 124 0 0 1 21 0 0
15.256 18 FBW_STATUS 2 0 1 124 0
15.285 18 NAVIGATION 0 2 0. 0. 0. 0. 0 0
15.321 18 GPS 0 0 0 0 0 0 0 0 0 0 0
15.337 18 GYRO_RATES -52 -0.904026 0.
15.377 18 ATTITUDE 1.367376 0. 1.291134
15.473 18 ESTIMATOR 0. 0.
15.521 18 NAVIGATION 0 2 0. 0. 0. 0. 0 0
15.557 18 GPS 0 0 0 0 0 0 0 0 0 0 0
15.581 18 WP_MOVED 5 665592.3125 5320088. 75. 32
15.600 18 PONG 
15.676 18 GPS_SOL 0 0 0 0
15.773 18 NAVIGATION 0 2 0. 0. 0. 0. 0 0
15.805 18 GPS 0 0 0 0 0 0 0 0 0 0 0
15.833 18 NAVIGATION 0 2 0. 0. 0. 0. 0 0
15.877 18 ATTITUDE 1.413134 0. 1.326302
15.973 18 ESTIMATOR 0. 0.
16.021 18 NAVIGATION 0 2 0. 0. 0. 0. 0 0
16.057 18 GPS 0 0 0 0 0 0 0 0 0 0 0
16.081 18 WP_MOVED 6 665597. 5319937.5 75. 32
16.085 18 DOWNLINK_STATUS 16 7903 355 0 489. 22. 19.77
16.092 18 DL_VALUE 3 0.
16.245 18 DESIRED 0. 0.13 0. 0. 0. 700. 0.
16.273 18 NAVIGATION 0 2 0. 0. 0. 0. 0 0
16.309 18 GPS 0 0 0 0 0 0 0 0 0 0 0
16.329 18 BAT 0 124 0 0 1 23 0 0
16.344 18 IR_SENSORS -11 66 77 55 13
16.377 18 ATTITUDE 1.371915 0. 1.293542
16.396 18 GYRO_RATES -53 -0.921411 0.
16.473 18 ESTIMATOR 0. 0.
16.497 18 ENERGY 12.4 0. 0 0.
16.521 18 NAVIGATION 0 2 0. 0. 0. 0. 0 0
16.557 18 GPS 0 0 0 0 0 0 0 0 0 0 0
16.581 18 WP_MOVED 7 665340.8125 5320018.5 75. 32
16.769 18 NAVIGATION 0 2 0. 0. 0. 0. 0 0
16.805 18 GPS 0 0 0 0 0 0 0 0 0 0 0
16.833 18 NAVIGATION 0 2 0. 0. 0. 0. 0 0
16.877 18 ATTITUDE 1.396254 0. 1.310848
16.889 18 CALIBRATION 0. 0
16.973 18 ESTIMATOR 0. 0.
17.021 18 NAVIGATION 0 2 0. 0. 0. 0. 0 0
17.053 18 GPS 0 0 0 0 0 0 0 0 0 0 0
17.081 18 WP_MOVED 8 665734.375 5320238.5 75. 32
17.085 18 DOWNLINK_STATUS 17 8397 377 0 494. 22. 19.77
17.256 18 FBW_STATUS 2 0 1 124 0
17.285 18 NAVIGATION 0 2 0. 0. 0. 0. 0 0
17.321 18 GPS 0 0 0 0 0 0 0 0 0 0 0
17.357 18 DESIRED 0. 0.14 0. 0. 0. 700. 0.
17.377 18 ATTITUDE 1.367376 0. 1.29589
17.401 18 BAT 0 124 0 0 1 24 0 0
17.473 18 ESTIMATOR 0. 0.
17.493 18 GYRO_RATES -54 -0.938796 0.
17.509 18 IR_SENSORS -12 67 79 55 15
17.537 18 NAVIGATION 0 2 0. 0. 0. 0. 0 0
17.569 18 GPS 0 0 0 0 0 0 0 0 0 0 0
17.589 18 WP_MOVED 9 665345.5 5320111.5 75. 32
17.601 18 DL_VALUE 4 80.
17.677 18 GPS_SOL 0 0 0 0
17.769 18 NAVIGATION 0 2 0. 0. 0. 0. 0 0
17.805 18 GPS 0 0 0 0 0 0 0 0 0 0 0
17.833 18 NAVIGATION 0 2 0. 0. 0. 0. 0 0
17.877 18 ATTITUDE 1.42026 0. 1.322438
17.973 18 ESTIMATOR 0. 0.
18.021 18 NAVIGATION 0 2 0. 0. 0. 0. 0 0
18.053 18 GPS 0 0 0 0 0 0 0 0 0 0 0
18.081 18 WP_MOVED 0 665502. 5319991. 75. 32
18.086 18 DOWNLINK_STATUS 18 8891 399 0 494. 22. 19.77
18.269 18 NAVIGATION 0 2 0. 0. 0. 0. 0 0
18.305 18 GPS 0 0 0 0 0 0 0 0 0 0 0
18.345 18 DESIRED 0. 0.13 0. 0. 0. 700. 0.
18.356 18 COMMANDS 0,8720,-9600
18.377 18 ATTITUDE 1.397383 0. 1.314117
18.457 18 ACTUATORS 1290,1538,0,1000
18.473 18 ESTIMATOR 0. 0.
18.497 18 BAT 0 124 0 0 1 25 0 0
18.521 18 NAVIGATION 0 2 0. 0. 0. 0. 0 0
18.557 18 GPS 0 0 0 0 0 0 0 0 0 0 0
18.581 18 WP_MOVED 1 665460. 5319949. 75. 32
18.596 18 GYRO_RATES -51 -0.886641 0.
18.677 18 IR_SENSORS -11 65 76 54 15
18.769 18 NAVIGATION 0 2 0. 0. 0. 0. 0 0
18.805 18 GPS 0 0 0 0 0 0 0 0 0 0 0
18.833 18 NAVIGATION 0 2 0. 0. 0. 0. 0 0
