24.120 18 GPS 0 0 0 0 0 0 0 0 0 0 0
24.179 18 ATTITUDE 1.192877 0. 1.226206
24.276 18 ESTIMATOR 0. 0.
24.324 18 NAVIGATION 0 2 0. 0. 0. 0. 0 0
24.356 18 GPS 0 0 0 0 0 0 0 0 0 0 0
24.384 18 WP_MOVED 3 665540. 5320049. 75. 32
24.395 18 DOWNLINK 0 496 368
24.484 18 BAT 0 124 0 0 1 16 0 0
24.499 18 GPS_SOL 0 0 0 0
24.572 18 NAVIGATION 0 2 0. 0. 0. 0. 0 0
24.608 18 GPS 0 0 0 0 0 0 0 0 0 0 0
24.636 18 NAVIGATION 0 2 0. 0. 0. 0. 0 0
24.652 18 GYRO_RATES -60 -1.043107 0.
24.680 18 ATTITUDE 1.220298 0. 1.236176
24.748 18 DESIRED 0. 0.15 0. 0. 0. 700. 0.
24.775 18 ESTIMATOR 0. 0.
24.824 18 NAVIGATION 0 2 0. 0. 0. 0. 0 0
24.856 18 GPS 0 0 0 0 0 0 0 0 0 0 0
24.883 18 WP_MOVED 4 665470.125 5320139. 75. 32
24.895 18 DL_VALUE 11 0.087266
24.982 18 DOWNLINK_STATUS 5 2517 113 0 489. 22. 0.
25.072 18 NAVIGATION 0 2 0. 0. 0. 0. 0 0
25.108 18 GPS 0 0 0 0 0 0 0 0 0 0 0
25.124 18 IR_SENSORS -21 78 99 57 25
25.180 18 ATTITUDE 1.226657 0. 1.238551
25.275 18 ESTIMATOR 0. 0.
25.324 18 NAVIGATION 0 2 0. 0. 0. 0. 0 0
25.355 18 GPS 0 0 0 0 0 0 0 0 0 0 0
25.383 18 WP_MOVED 5 665592.3125 5320088. 75. 32
25.395 18 CALIBRATION 0. 0
25.499 18 PONG 
25.572 18 NAVIGATION 0 2 0. 0. 0. 0. 0 0
25.608 18 GPS 0 0 0 0 0 0 0 0 0 0 0
25.632 18 NAVIGATION 0 2 0. 0. 0. 0. 0 0
25.656 18 BAT 0 125 0 0 1 17 0 0
25.679 18 ATTITUDE 1.238837 0. 1.238551
25.695 18 GYRO_RATES -67 -1.164803 0.
25.775 18 ESTIMATOR 0. 0.
25.812 18 DESIRED 0. 0.13 0. 0. 0. 700. 0.
25.840 18 NAVIGATION 0 2 0. 0. 0. 0. 0 0
25.872 18 GPS 0 0 0 0 0 0 0 0 0 0 0
25.892 18 WP_MOVED 6 665597. 5319937.5 75. 32
25.983 18 DOWNLINK_STATUS 6 2986 134 0 469. 21. 19.71
26.059 18 FBW_STATUS 2 0 1 125 0
26.088 18 NAVIGATION 0 2 0. 0. 0. 0. 0 0
26.119 18 GPS 0 0 0 0 0 0 0 0 0 0 0
26.180 18 ATTITUDE 1.215404 0. 1.233551
26.275 18 ESTIMATOR 0. 0.
26.291 18 IR_SENSORS -20 75 95 55 24
26.312 18 ENERGY 12.5 0. 0 0.
26.340 18 NAVIGATION 0 2 0. 0. 0. 0. 0 0
26.376 18 GPS 0 0 0 0 0 0 0 0 0 0 0
26.396 18 WP_MOVED 7 665340.8125 5320018.5 75. 32
26.407 18 DL_VALUE 0 700.
26.479 18 GPS_SOL 0 0 0 0
26.572 18 NAVIGATION 0 2 0. 0. 0. 0. 0 0
26.608 18 GPS 0 0 0 0 0 0 0 0 0 0 0
26.636 18 NAVIGATION 0 2 0. 0. 0. 0. 0 0
26.679 18 ATTITUDE 1.276716 0. 1.260499
26.700 18 BAT 0 125 0 0 1 18 0 0
26.775 18 ESTIMATOR 0. 0.
26.791 18 GYRO_RATES -64 -1.112647 0.
26.820 18 NAVIGATION 0 2 0. 0. 0. 0. 0 0
26.856 18 GPS 0 0 0 0 0 0 0 0 0 0 0
26.892 18 DESIRED 0. 0.15 0. 0. 0. 700. 0.
26.912 18 WP_MOVED 8 665734.375 5320238.5 75. 32
26.984 18 DOWNLINK_STATUS 7 3500 157 0 514. 23. 19.71
27.072 18 NAVIGATION 0 2 0. 0. 0. 0. 0 0
27.108 18 GPS 0 0 0 0 0 0 0 0 0 0 0
27.180 18 ATTITUDE 1.222172 0. 1.230976
27.196 18 NAVIGATION_REF 665460 5319949 32
27.276 18 ESTIMATOR 0. 0.
27.324 18 NAVIGATION 0 2 0. 0. 0. 0. 0 0
27.356 18 GPS 0 0 0 0 0 0 0 0 0 0 0
27.384 18 WP_MOVED 9 665345.5 5320111.5 75. 32
27.480 18 IR_SENSORS -18 74 92 56 24
27.488 18 CALIBRATION 0. 0
27.572 18 NAVIGATION 0 2 0. 0. 0. 0. 0 0
27.608 18 GPS 0 0 0 0 0 0 0 0 0 0 0
27.636 18 NAVIGATION 0 2 0. 0. 0. 0. 0 0
27.680 18 ATTITUDE 1.247291 0. 1.236076
27.775 18 ESTIMATOR 0. 0.
27.796 18 BAT 0 125 0 0 1 19 0 0
27.824 18 NAVIGATION 0 2 0. 0. 0. 0. 0 0
27.860 18 GPS 0 0 0 0 0 0 0 0 0 0 0
27.884 18 WP_MOVED 0 665502. 5319991. 75. 32
27.920 18 DESIRED 0. 0.13 0. 0. 0. 700. 0.
27.936 18 GYRO_RATES -60 -1.043107 0.
27.947 18 DL_VALUE 1 0.
27.986 18 DOWNLINK_STATUS 8 3989 179 0 489. 22. 19.71
28.060 18 FBW_STATUS 2 0 1 125 0
28.088 18 NAVIGATION 0 2 0. 0. 0. 0. 0 0
28.120 18 GPS 0 0 0 0 0 0 0 0 0 0 0
28.160 18 COMMANDS 0,6930,-9600
28.179 18 ATTITUDE 1.228736 0. 1.228347
28.259 18 ACTUATORS 1290,1621,0,1000
28.275 18 ESTIMATOR 0. 0.
28.320 18 NAVIGATION 0 2 0. 0. 0. 0. 0 0
28.355 18 GPS 0 0 0 0 0 0 0 0 0 0 0
28.380 18 WP_MOVED 1 665460. 5319949. 75. 32
28.479 18 GPS_SOL 0 0 0 0
28.572 18 NAVIGATION 0 2 0. 0. 0. 0. 0 0
28.608 18 GPS 0 0 0 0 0 0 0 0 0 0 0
28.632 18 NAVIGATION 0 2 0. 0. 0. 0. 0 0
28.680 18 ATTITUDE 1.276716 0. 1.260499
28.695 18 IR_SENSORS -19 78 97 59 22
28.775 18 ESTIMATOR 0. 0.
28.795 18 ENERGY 12.5 0. 0 0.
28.824 18 NAVIGATION 0 2 0. 0. 0. 0. 0 0
28.859 18 GPS 0 0 0 0 0 0 0 0 0 0 0
28.880 18 WP_MOVED 2 665509.5 5320029. 75. 32
28.903 18 BAT 0 125 0 0 1 20 0 0
28.928 18 ALIVE 195,2,241,108,116,210,186,177,153,128,63,215,145,135,168,66
28.964 18 DESIRED 0. 0.14 0. 0. 0. 700. 0.
28.979 18 GYRO_RATES -61 -1.060492 0.
28.987 18 DOWNLINK_STATUS 9 4543 204 0 554. 25. 19.71
28.991 18 PPRZ_MODE 2 0 0 0 0 6
29.072 18 NAVIGATION 0 2 0. 0. 0. 0. 0 0
29.108 18 GPS 0 0 0 0 0 0 0 0 0 0 0
29.180 18 ATTITUDE 1.222172 0. 1.230976
29.275 18 ESTIMATOR 0. 0.
29.320 18 NAVIGATION 0 2 0. 0. 0. 0. 0 0
29.356 18 GPS 0 0 0 0 0 0 0 0 0 0 0
29.380 18 WP_MOVED 3 665540. 5320049. 75. 32
29.391 18 DL_VALUE 2 0.
29.471 18 DOWNLINK 0 494 482
29.572 18 NAVIGATION 0 2 0. 0. 0. 0. 0 0
29.609 18 GPS 0 0 0 0 0 0 0 0 0 0 0
29.632 18 NAVIGATION 0 2 0. 0. 0. 0. 0 0
29.643 18 CALIBRATION 0. 0
29.679 18 ATTITUDE 1.302074 0. 1.265976
29.775 18 ESTIMATOR 0. 0.
29.820 18 NAVIGATION 0 2 0. 0. 0. 0. 0 0
29.855 18 GPS 0 0 0 0 0 0 0 0 0 0 0
29.884 18 WP_MOVED 4 665470.125 5320139. 75. 32
29.899 18 IR_SENSORS -16 75 91 59 21
29.988 18 DOWNLINK_STATUS 10 4970 224 0 427. 20. 19.71
29.996 18 DESIRED 0. 0.14 0. 0. 0. 700. 0.
30.016 18 BAT 0 125 0 0 1 21 0 0
30.059 18 FBW_STATUS 2 0 1 125 0
30.088 18 NAVIGATION 0 2 0. 0. 0. 0. 0 0
30.120 18 GPS 0 0 0 0 0 0 0 0 0 0 0
30.136 18 GYRO_RATES -62 -1.077877 0.
30.180 18 ATTITUDE 1.296953 0. 1.254298
30.275 18 ESTIMATOR 0. 0.
30.320 18 NAVIGATION 0 2 0. 0. 0. 0. 0 0
30.355 18 GPS 0 0 0 0 0 0 0 0 0 0 0
30.383 18 WP_MOVED 5 665592.3125 5320088. 75. 32
30.481 18 GPS_SOL 0 0 0 0
30.499 18 PONG 
30.572 18 NAVIGATION 0 2 0. 0. 0. 0. 0 0
30.610 18 GPS 0 0 0 0 0 0 0 0 0 0 0
30.636 18 NAVIGATION 0 2 0. 0. 0. 0. 0 0
30.680 18 ATTITUDE 1.296953 0. 1.259114
30.775 18 ESTIMATOR 0. 0.
30.820 18 NAVIGATION 0 2 0. 0. 0. 0. 0 0
30.855 18 GPS 0 0 0 0 0 0 0 0 0 0 0
30.883 18 WP_MOVED 6 665597. 5319937.5 75. 32
30.891 18 DL_VALUE 3 0.
30.988 18 DOWNLINK_STATUS 11 5454 246 0 484. 22. 18.64
31.048 18 DESIRED 0. 0.13 0. 0. 0. 700. 0.
31.076 18 NAVIGATION 0 2 0. 0. 0. 0. 0 0
31.111 18 GPS 0 0 0 0 0 0 0 0 0 0 0
31.127 18 BAT 0 125 0 0 1 23 0 0
31.147 18 IR_SENSORS -17 72 89 55 21
31.180 18 ATTITUDE 1.30653 0. 1.270885
31.196 18 GYRO_RATES -58 -1.008337 0.
31.276 18 ESTIMATOR 0. 0.
31.300 18 ENERGY 12.5 0. 0 0.
31.324 18 NAVIGATION 0 2 0. 0. 0. 0. 0 0
31.359 18 GPS 0 0 0 0 0 0 0 0 0 0 0
31.384 18 WP_MOVED 7 665340.8125 5320018.5 75. 32
31.572 18 NAVIGATION 0 2 0. 0. 0. 0. 0 0
31.608 18 GPS 0 0 0 0 0 0 0 0 0 0 0
31.636 18 NAVIGATION 0 2 0. 0. 0. 0. 0 0
31.680 18 ATTITUDE 1.296953 0. 1.263735
31.691 18 CALIBRATION 0. 0
31.775 18 ESTIMATOR 0. 0.
31.824 18 NAVIGATION 0 2 0. 0. 0. 0. 0 0
31.856 18 GPS 0 0 0 0 0 0 0 0 0 0 0
31.884 18 WP_MOVED 8 665734.375 5320238.5 75. 32
31.989 18 DOWNLINK_STATUS 12 5937 267 0 483. 21. 18.64
32.059 18 FBW_STATUS 2 0 1 125 0
32.088 18 NAVIGATION 0 2 0. 0. 0. 0. 0 0
32.120 18 GPS 0 0 0 0 0 0 0 0 0 0 0
32.156 18 DESIRED 0. 0.13 0. 0. 0. 700. 0.
32.180 18 ATTITUDE 1.322081 0. 1.273204
32.200 18 BAT 0 124 0 0 1 24 0 0
32.276 18 ESTIMATOR 0. 0.
32.292 18 GYRO_RATES -60 -1.043107 0.
32.308 18 IR_SENSORS -16 74 90 58 19
32.336 18 NAVIGATION 0 2 0. 0. 0. 0. 0 0
32.372 18 GPS 0 0 0 0 0 0 0 0 0 0 0
32.392 18 WP_MOVED 9 665345.5 5320111.5 75. 32
32.403 18 DL_VALUE 4 80.
32.479 18 GPS_SOL 0 0 0 0
32.572 18 NAVIGATION 0 2 0. 0. 0. 0. 0 0
32.608 18 GPS 0 0 0 0 0 0 0 0 0 0 0
32.635 18 NAVIGATION 0 2 0. 0. 0. 0. 0 0
32.680 18 ATTITUDE 1.336263 0. 1.275474
32.776 18 ESTIMATOR 0. 0.
32.824 18 NAVIGATION 0 2 0. 0. 0. 0. 0 0
32.856 18 GPS 0 0 0 0 0 0 0 0 0 0 0
32.884 18 WP_MOVED 0 665502. 5319991. 75. 32
32.990 18 DOWNLINK_STATUS 13 6431 289 0 494. 22. 18.64
33.072 18 NAVIGATION 0 2 0. 0. 0. 0. 0 0
33.107 18 GPS 0 0 0 0 0 0 0 0 0 0 0
33.148 18 DESIRED 0. 0.14 0. 0. 0. 700. 0.
33.159 18 COMMANDS 0,7127,-9600
33.179 18 ATTITUDE 1.337513 0. 1.274848
33.259 18 ACTUATORS 1290,1593,0,1000
33.275 18 ESTIMATOR 0. 0.
33.295 18 BAT 0 124 0 0 1 25 0 0
33.324 18 NAVIGATION 0 2 0. 0. 0. 0. 0 0
33.359 18 GPS 0 0 0 0 0 0 0 0 0 0 0
33.383 18 WP_MOVED 1 665460. 5319949. 75. 32
33.399 18 GYRO_RATES -59 -1.025722 0.
33.479 18 IR_SENSORS -14 73 87 59 18
33.572 18 NAVIGATION 0 2 0. 0. 0. 0. 0 0
33.607 18 GPS 0 0 0 0 0 0 0 0 0 0 0
33.636 18 NAVIGATION 0 2 0. 0. 0. 0. 0 0
33.680 18 ATTITUDE 1.342171 0. 1.281767
33.775 18 ESTIMATOR 0. 0.
33.787 18 CALIBRATION 0. 0
33.807 18 ENERGY 12.5 0. 0 0.
33.836 18 NAVIGATION 0 2 0. 0. 0. 0. 0 0
33.872 18 GPS 0 0 0 0 0 0 0 0 0 0 0
33.892 18 WP_MOVED 2 665509.5 5320029. 75. 32
33.903 18 DL_VALUE 5 2.
33.924 18 ALIVE 195,2,241,108,116,210,186,177,153,128,63,215,145,135,168,66
33.971 18 PPRZ_MODE 2 0 0 0 0 6
33.991 18 DOWNLINK_STATUS 14 6988 315 0 557. 26. 18.64
34.059 18 FBW_STATUS 2 0 1 125 0
34.084 18 NAVIGATION 0 2 0. 0. 0. 0. 0 0
34.120 18 GPS 0 0 0 0 0 0 0 0 0 0 0
34.180 18 ATTITUDE 1.332708 0. 1.272436
34.216 18 DESIRED 0. 0.14 0. 0. 0. 700. 0.
34.275 18 ESTIMATOR 0. 0.
34.320 18 NAVIGATION 0 2 0. 0. 0. 0. 0 0
34.355 18 GPS 0 0 0 0 0 0 0 0 0 0 0
34.380 18 WP_MOVED 3 665540. 5320049. 75. 32
34.403 18 BAT 0 124 0 0 1 26 0 0
34.476 18 GYRO_RATES -56 -0.973566 0.
34.495 18 GPS_SOL 0 0 0 0
34.572 18 NAVIGATION 0 2 0. 0. 0. 0. 0 0
34.607 18 GPS 0 0 0 0 0 0 0 0 0 0 0
34.632 18 NAVIGATION 0 2 0. 0. 0. 0. 0 0
34.643 18 DOWNLINK 0 511 599
34.680 18 ATTITUDE 1.359461 0. 1.281767
34.695 18 IR_SENSORS -12 76 88 64 18
34.722 18 WIND_INFO 18 42 0. 0. 0.
34.775 18 ESTIMATOR 0. 0.
34.820 18 NAVIGATION 0 2 0. 0. 0. 0. 0 0
34.855 18 GPS 0 0 0 0 0 0 0 0 0 0 0
34.880 18 WP_MOVED 4 665470.125 5320139. 75. 32
34.992 18 DOWNLINK_STATUS 15 7482 337 0 494. 22. 18.64
35.072 18 NAVIGATION 0 2 0. 0. 0. 0. 0 0
35.107 18 GPS 0 0 0 0 0 0 0 0 0 0 0
35.180 18 ATTITUDE 1.373026 0. 1.299586
35.248 18 DESIRED 0. 0.13 0. 0. 0. 700. 0.
35.275 18 ESTIMATOR 0. 0.
35.320 18 NAVIGATION 0 2 0. 0. 0. 0. 0 0
35.356 18 GPS 0 0 0 0 0 0 0 0 0 0 0
35.380 18 WP_MOVED 5 665592.3125 5320088. 75. 32
35.392 18 DL_VALUE 6 0.
35.482 18 BAT 0 125 0 0 1 27 0 0
35.503 18 PONG 
35.572 18 NAVIGATION 0 2 0. 0. 0. 0. 0 0
35.608 18 GPS 0 0 0 0 0 0 0 0 0 0 0
35.632 18 NAVIGATION 0 2 0. 0. 0. 0. 0 0
35.651 18 GYRO_RATES -59 -1.025722 0.
35.680 18 ATTITUDE 1.373026 0. 1.299586
35.776 18 ESTIMATOR 0. 0.
35.820 18 NAVIGATION 0 2 0. 0. 0. 0. 0 0
35.856 18 GPS 0 0 0 0 0 0 0 0 0 0 0
35.884 18 WP_MOVED 6 665597. 5319937.5 75. 32
35.899 18 IR_SENSORS -11 71 82 60 15
35.911 18 CALIBRATION 0. 0
35.993 18 DOWNLINK_STATUS 16 7962 359 0 480. 22. 21.66
36.059 18 FBW_STATUS 2 0 1 125 0
36.088 18 NAVIGATION 0 2 0. 0. 0. 0. 0 0
36.120 18 GPS 0 0 0 0 0 0 0 0 0 0 0
36.180 18 ATTITUDE 1.384665 0. 1.300419
36.195 18 NAVIGATION_REF 665460 5319949 32
36.275 18 ESTIMATOR 0. 0.
36.312 18 DESIRED 0. 0.15 0. 0. 0. 700. 0.
36.331 18 ENERGY 12.5 0. 0 0.
36.360 18 NAVIGATION 0 2 0. 0. 0. 0. 0 0
36.396 18 GPS 0 0 0 0 0 0 0 0 0 0 0
36.420 18 WP_MOVED 7 665340.8125 5320018.5 75. 32
36.479 18 GPS_SOL 0 0 0 0
36.572 18 NAVIGATION 0 2 0. 0. 0. 0. 0 0
36.608 18 GPS 0 0 0 0 0 0 0 0 0 0 0
36.640 18 NAVIGATION 0 2 0. 0. 0. 0. 0 0
36.655 18 BAT 0 125 0 0 1 28 0 0
36.680 18 ATTITUDE 1.43323 0. 1.326302
36.695 18 GYRO_RATES -58 -1.008337 0.
36.775 18 ESTIMATOR 0. 0.
36.820 18 NAVIGATION 0 2 0. 0. 0. 0. 0 0
36.856 18 GPS 0 0 0 0 0 0 0 0 0 0 0
36.884 18 WP_MOVED 8 665734.375 5320238.5 75. 32
36.892 18 DL_VALUE 7 1.
36.994 18 DOWNLINK_STATUS 17 8475 382 0 513. 23. 21.66
37.072 18 NAVIGATION 0 2 0. 0. 0. 0. 0 0
37.108 18 GPS 0 0 0 0 0 0 0 0 0 0 0
37.124 18 IR_SENSORS -11 71 82 60 15
37.133 18 SETTING 18 9 2.
37.164 18 DL_VALUE 9 65535.
37.184 18 ATTITUDE 1.392511 0. 1.300419
37.275 18 ESTIMATOR 0. 0.
37.320 18 NAVIGATION 0 2 0. 0. 0. 0. 0 0
37.355 18 GPS 0 0 0 0 0 0 0 0 0 0 0
37.392 18 DESIRED 0. 0.13 0. 0. 0. 700. 0.
37.412 18 WP_MOVED 9 665345.5 5320111.5 75. 32
37.572 18 NAVIGATION 0 2 0. 0. 0. 0. 0 0
37.608 18 GPS 0 0 0 0 0 0 0 0 0 0 0
37.632 18 NAVIGATION 0 2 0. 0. 0. 0. 0 0
37.680 18 ATTITUDE 1.44828 0. 1.33822
37.699 18 BAT 0 124 0 0 1 29 0 0
37.775 18 ESTIMATOR 0. 0.
37.791 18 GYRO_RATES -57 -0.990952 0.
37.820 18 NAVIGATION 0 2 0. 0. 0. 0. 0 0
37.856 18 GPS 0 0 0 0 0 0 0 0 0 0 0
37.884 18 WP_MOVED 0 665502. 5319991. 75. 32
37.971 18 CALIBRATION 0. 0
37.995 18 DOWNLINK_STATUS 18 8949 403 0 474. 21. 21.66
38.059 18 FBW_STATUS 2 0 1 125 0
38.088 18 NAVIGATION 0 2 0. 0. 0. 0. 0 0
38.121 18 GPS 0 0 0 0 0 0 0 0 0 0 0
38.160 18 COMMANDS 0,7880,-9600
38.179 18 ATTITUDE 1.42026 0. 1.322438
38.259 18 ACTUATORS 1290,1574,0,1000
38.275 18 ESTIMATOR 0. 0.
38.291 18 IR_SENSORS -10 70 80 60 13
38.320 18 NAVIGATION 0 2 0. 0. 0. 0. 0 0
38.356 18 GPS 0 0 0 0 0 0 0 0 0 0 0
38.383 18 WP_MOVED 1 665460. 5319949. 75. 32
38.416 18 DESIRED 0. 0.15 0. 0. 0. 700. 0.
38.427 18 DL_VALUE 8 0.
38.479 18 GPS_SOL 0 0 0 0
38.572 18 NAVIGATION 0 2 0. 0. 0. 0. 0 0
38.608 18 GPS 0 0 0 0 0 0 0 0 0 0 0
38.632 18 NAVIGATION 0 2 0. 0. 0. 0. 0 0
38.680 18 ATTITUDE 1.430135 0. 1.331765
38.776 18 ESTIMATOR 0. 0.
38.796 18 BAT 0 125 0 0 1 30 0 0
38.816 18 ENERGY 12.5 0. 0 0.
38.844 18 NAVIGATION 0 2 0. 0. 0. 0. 0 0
38.880 18 GPS 0 0 0 0 0 0 0 0 0 0 0
38.900 18 WP_MOVED 2 665509.5 5320029. 75. 32
38.915 18 GYRO_RATES -56 -0.973566 0.
38.940 18 ALIVE 195,2,241,108,116,210,186,177,153,128,63,215,145,135,168,66
38.971 18 PPRZ_MODE 2 0 0 0 0 6
38.996 18 DOWNLINK_STATUS 19 9526 430 0 577. 27. 21.66
39.072 18 NAVIGATION 0 2 0. 0. 0. 0. 0 0
39.107 18 GPS 0 0 0 0 0 0 0 0 0 0 0
39.180 18 ATTITUDE 1.42026 0. 1.318381
39.275 18 ESTIMATOR 0. 0.
39.320 18 NAVIGATION 0 2 0. 0. 0. 0. 0 0
39.355 18 GPS 0 0 0 0 0 0 0 0 0 0 0
39.383 18 WP_MOVED 3 665540. 5320049. 75. 32
39.448 18 DESIRED 0. 0.12 0. 0. 0. 700. 0.
39.475 18 IR_SENSORS -7 69 76 62 10
39.572 18 NAVIGATION 0 2 0. 0. 0. 0. 0 0
39.607 18 GPS 0 0 0 0 0 0 0 0 0 0 0
39.632 18 NAVIGATION 0 2 0. 0. 0. 0. 0 0
39.680 18 ATTITUDE 1.451068 0. 1.332783
39.691 18 DOWNLINK 0 491 712
39.775 18 ESTIMATOR 0. 0.
39.820 18 NAVIGATION 0 2 0. 0. 0. 0. 0 0
39.856 18 GPS 0 0 0 0 0 0 0 0 0 0 0
39.884 18 WP_MOVED 4 665470.125 5320139. 75. 32
39.903 18 BAT 0 124 0 0 1 31 0 0
39.915 18 DL_VALUE 9 65535.
39.976 18 GYRO_RATES -54 -0.938796 0.
39.997 18 DOWNLINK_STATUS 20 10000 451 0 474. 21. 21.66
40.059 18 FBW_STATUS 2 0 1 125 0
40.088 18 NAVIGATION 0 2 0. 0. 0. 0. 0 0
40.123 18 GPS 0 0 0 0 0 0 0 0 0 0 0
40.132 18 CALIBRATION 0. 0
40.180 18 ATTITUDE 1.46848 0. 1.352702
40.276 18 ESTIMATOR 0. 0.
40.324 18 NAVIGATION 0 2 0. 0. 0. 0. 0 0
40.356 18 GPS 0 0 0 0 0 0 0 0 0 0 0
40.384 18 WP_MOVED 5 665592.3125 5320088. 75. 32
40.496 18 DESIRED 0. 0.15 0. 0. 0. 700. 0.
40.515 18 GPS_SOL 0 0 0 0
40.519 18 PONG 
40.572 18 NAVIGATION 0 2 0. 0. 0. 0. 0 0
40.608 18 GPS 0 0 0 0 0 0 0 0 0 0 0
40.632 18 NAVIGATION 0 2 0. 0. 0. 0. 0 0
40.680 18 ATTITUDE 1.476211 0. 1.357617
40.695 18 IR_SENSORS -8 71 79 63 10
40.776 18 ESTIMATOR 0. 0.
40.820 18 NAVIGATION 0 2 0. 0. 0. 0. 0 0
40.855 18 GPS 0 0 0 0 0 0 0 0 0 0 0
40.884 18 WP_MOVED 6 665597. 5319937.5 75. 32
40.980 18 BAT 0 124 0 0 1 32 0 0
40.998 18 DOWNLINK_STATUS 21 10484 473 0 484. 22. 36.87
41.072 18 NAVIGATION 0 2 0. 0. 0. 0. 0 0
41.108 18 GPS 0 0 0 0 0 0 0 0 0 0 0
41.124 18 GYRO_RATES -54 -0.938796 0.
41.180 18 ATTITUDE 1.465732 0. 1.350978
41.275 18 ESTIMATOR 0. 0.
41.296 18 ENERGY 12.5 0. 0 0.
41.324 18 NAVIGATION 0 2 0. 0. 0. 0. 0 0
41.360 18 GPS 0 0 0 0 0 0 0 0 0 0 0
41.380 18 WP_MOVED 7 665340.8125 5320018.5 75. 32
41.391 18 DL_VALUE 10 -0.062832
41.548 18 DESIRED 0. 0.12 0. 0. 0. 700. 0.
41.572 18 NAVIGATION 0 2 0. 0. 0. 0. 0 0
41.608 18 GPS 0 0 0 0 0 0 0 0 0 0 0
41.636 18 NAVIGATION 0 2 0. 0. 0. 0. 0 0
41.680 18 ATTITUDE 1.478631 0. 1.359175
41.776 18 ESTIMATOR 0. 0.
41.820 18 NAVIGATION 0 2 0. 0. 0. 0. 0 0
41.856 18 GPS 0 0 0 0 0 0 0 0 0 0 0
41.884 18 WP_MOVED 8 665734.375 5320238.5 75. 32
41.899 18 IR_SENSORS -8 67 75 59 10
41.999 18 DOWNLINK_STATUS 22 10947 493 0 463. 20. 36.87
42.059 18 FBW_STATUS 2 0 1 124 0
42.088 18 NAVIGATION 0 2 0. 0. 0. 0. 0 0
42.120 18 GPS 0 0 0 0 0 0 0 0 0 0 0
42.140 18 BAT 0 125 0 0 1 34 0 0
42.180 18 ATTITUDE 1.479684 0. 1.362503
42.195 18 GYRO_RATES -52 -0.904026 0.
42.207 18 CALIBRATION 0. 0
42.275 18 ESTIMATOR 0. 0.
42.320 18 NAVIGATION 0 2 0. 0. 0. 0. 0 0
42.356 18 GPS 0 0 0 0 0 0 0 0 0 0 0
42.380 18 WP_MOVED 9 665345.5 5320111.5 75. 32
42.479 18 GPS_SOL 0 0 0 0
42.572 18 NAVIGATION 0 2 0. 0. 0. 0. 0 0
42.607 18 GPS 0 0 0 0 0 0 0 0 0 0 0
42.632 18 NAVIGATION 0 2 0. 0. 0. 0. 0 0
42.668 18 DESIRED 0. 0.15 0. 0. 0. 700. 0.
42.687 18 ATTITUDE 1.491731 0. 1.367175
42.775 18 ESTIMATOR 0. 0.
42.820 18 NAVIGATION 0 2 0. 0. 0. 0. 0 0
42.856 18 GPS 0 0 0 0 0 0 0 0 0 0 0
42.880 18 WP_MOVED 0 665502. 5319991. 75. 32
42.891 18 DL_VALUE 11 0.087266
43.000 18 DOWNLINK_STATUS 23 11436 515 0 489. 22. 36.87
43.072 18 NAVIGATION 0 2 0. 0. 0. 0. 0 0
43.108 18 GPS 0 0 0 0 0 0 0 0 0 0 0
43.127 18 IR_SENSORS -6 66 72 60 9
43.156 18 COMMANDS 0,8811,-9600
43.179 18 ATTITUDE 1.479684 0. 1.359175
43.199 18 BAT 0 124 0 0 1 35 0 0
43.259 18 ACTUATORS 1290,1537,0,1000
43.275 18 ESTIMATOR 0. 0.
43.292 18 GYRO_RATES -52 -0.904026 0.
43.320 18 NAVIGATION 0 2 0. 0. 0. 0. 0 0
43.356 18 GPS 0 0 0 0 0 0 0 0 0 0 0
43.380 18 WP_MOVED 1 665460. 5319949. 75. 32
43.572 18 NAVIGATION 0 2 0. 0. 0. 0. 0 0
43.608 18 GPS 0 0 0 0 0 0 0 0 0 0 0
43.632 18 NAVIGATION 0 2 0. 0. 0. 0. 0 0
43.668 18 DESIRED 0. 0.12 0. 0. 0. 700. 0.
43.688 18 ATTITUDE 1.489474 0. 1.365658
43.775 18 ESTIMATOR 0. 0.
43.796 18 ENERGY 12.5 0. 0 0.
43.824 18 NAVIGATION 0 2 0. 0. 0. 0. 0 0
43.860 18 GPS 0 0 0 0 0 0 0 0 0 0 0
43.880 18 WP_MOVED 2 665509.5 5320029. 75. 32
43.904 18 ALIVE 195,2,241,108,116,210,186,177,153,128,63,215,145,135,168,66
43.972 18 PPRZ_MODE 2 0 0 0 0 6
44.001 18 DOWNLINK_STATUS 24 11971 539 0 535. 24. 36.87
44.059 18 FBW_STATUS 2 0 1 125 0
44.088 18 NAVIGATION 0 2 0. 0. 0. 0. 0 0
44.120 18 GPS 0 0 0 0 0 0 0 0 0 0 0
44.180 18 ATTITUDE 1.479684 0. 1.35566
44.276 18 ESTIMATOR 0. 0.
44.296 18 BAT 0 125 0 0 1 36 0 0
44.316 18 IR_SENSORS -7 65 72 58 9
44.323 18 CALIBRATION 0. 0
44.352 18 NAVIGATION 0 2 0. 0. 0. 0. 0 0
44.388 18 GPS 0 0 0 0 0 0 0 0 0 0 0
44.408 18 WP_MOVED 3 665540. 5320049. 75. 32
44.424 18 GYRO_RATES -53 -0.921411 0.
44.435 18 DL_VALUE 0 700.
44.479 18 GPS_SOL 0 0 0 0
44.572 18 NAVIGATION 0 2 0. 0. 0. 0. 0 0
44.604 18 GPS 0 0 0 0 0 0 0 0 0 0 0
44.632 18 NAVIGATION 0 2 0. 0. 0. 0. 0 0
44.680 18 ATTITUDE 1.493919 0. 1.368653
44.716 18 DESIRED 0. 0.16 0. 0. 0. 700. 0.
44.723 18 WIND_INFO 18 42 0. 0. 0.
44.776 18 ESTIMATOR 0. 0.
44.787 18 DOWNLINK 0 499 828
44.820 18 NAVIGATION 0 2 0. 0. 0. 0. 0 0
44.856 18 GPS 0 0 0 0 0 0 0 0 0 0 0
44.880 18 WP_MOVED 4 665470.125 5320139. 75. 32
45.002 18 DOWNLINK_STATUS 25 12487 563 0 516. 24. 36.87
45.072 18 NAVIGATION 0 2 0. 0. 0. 0. 0 0
45.104 18 GPS 0 0 0 0 0 0 0 0 0 0 0
45.180 18 ATTITUDE 1.484738 0. 1.362503
45.195 18 NAVIGATION_REF 665460 5319949 32
45.276 18 ESTIMATOR 0. 0.
45.302 18 SETTING 18 9 2.
45.320 18 NAVIGATION 0 2 0. 0. 0. 0. 0 0
45.356 18 GPS 0 0 0 0 0 0 0 0 0 0 0
45.367 18 DL_VALUE 9 65535.
45.388 18 WP_MOVED 5 665592.3125 5320088. 75. 32
45.408 18 BAT 0 125 0 0 1 37 0 0
45.476 18 GYRO_RATES -52 -0.904026 0.
45.492 18 IR_SENSORS -7 65 72 58 9
45.503 18 PONG 
45.508 18 SETTING 18 9 2.
45.540 18 DL_VALUE 9 65535.
45.572 18 NAVIGATION 0 2 0. 0. 0. 0. 0 0
45.604 18 GPS 0 0 0 0 0 0 0 0 0 0 0
45.632 18 NAVIGATION 0 2 0. 0. 0. 0. 0 0
45.680 18 ATTITUDE 1.487144 0. 1.367175
45.748 18 DESIRED 0. 0.12 0. 0. 0. 700. 0.
45.775 18 ESTIMATOR 0. 0.
45.820 18 NAVIGATION 0 2 0. 0. 0. 0. 0 0
45.855 18 GPS 0 0 0 0 0 0 0 0 0 0 0
45.880 18 WP_MOVED 6 665597. 5319937.5 75. 32
45.891 18 DL_VALUE 1 0.
46.003 18 DOWNLINK_STATUS 26 12993 587 0 506. 24. 20.01
46.059 18 FBW_STATUS 2 0 1 125 0
46.084 18 NAVIGATION 0 2 0. 0. 0. 0. 0 0
46.120 18 GPS 0 0 0 0 0 0 0 0 0 0 0
46.180 18 ATTITUDE 1.517487 0. 1.386612
46.276 18 ESTIMATOR 0. 0.
46.295 18 ENERGY 12.4 0. 0 0.
46.324 18 NAVIGATION 0 2 0. 0. 0. 0. 0 0
46.356 18 GPS 0 0 0 0 0 0 0 0 0 0 0
46.384 18 WP_MOVED 7 665340.8125 5320018.5 75. 32
46.391 18 CALIBRATION 0. 0
46.480 18 BAT 0 125 0 0 1 38 0 0
46.499 18 GPS_SOL 0 0 0 0
46.572 18 NAVIGATION 0 2 0. 0. 0. 0. 0 0
46.608 18 GPS 0 0 0 0 0 0 0 0 0 0 0
46.632 18 NAVIGATION 0 2 0. 0. 0. 0. 0 0
46.651 18 GYRO_RATES -53 -0.921411 0.
46.679 18 ATTITUDE 1.489474 0. 1.365658
46.695 18 IR_SENSORS -7 69 76 62 9
46.775 18 ESTIMATOR 0. 0.
46.812 18 DESIRED 0. 0.16 0. 0. 0. 700. 0.
46.840 18 NAVIGATION 0 2 0. 0. 0. 0. 0 0
46.872 18 GPS 0 0 0 0 0 0 0 0 0 0 0
46.892 18 WP_MOVED 8 665734.375 5320238.5 75. 32
47.004 18 DOWNLINK_STATUS 27 13507 610 0 514. 23. 20.01
47.072 18 NAVIGATION 0 2 0. 0. 0. 0. 0 0
47.108 18 GPS 0 0 0 0 0 0 0 0 0 0 0
47.180 18 ATTITUDE 1.471429 0. 1.357442
47.275 18 ESTIMATOR 0. 0.
47.320 18 NAVIGATION 0 2 0. 0. 0. 0. 0 0
47.356 18 GPS 0 0 0 0 0 0 0 0 0 0 0
47.380 18 WP_MOVED 9 665345.5 5320111.5 75. 32
47.397 18 DL_VALUE 2 0.
47.572 18 NAVIGATION 0 2 0. 0. 0. 0. 0 0
47.608 18 GPS 0 0 0 0 0 0 0 0 0 0 0
47.634 18 NAVIGATION 0 2 0. 0. 0. 0. 0 0
47.656 18 BAT 0 125 0 0 1 39 0 0
47.680 18 ATTITUDE 1.487144 0. 1.364101
47.695 18 GYRO_RATES -56 -0.973566 0.
47.776 18 ESTIMATOR 0. 0.
47.820 18 NAVIGATION 0 2 0. 0. 0. 0. 0 0
47.856 18 GPS 0 0 0 0 0 0 0 0 0 0 0
47.892 18 DESIRED 0. 0.12 0. 0. 0. 700. 0.
47.912 18 WP_MOVED 0 665502. 5319991. 75. 32
47.927 18 IR_SENSORS -8 65 73 57 9
48.005 18 DOWNLINK_STATUS 28 13970 630 0 463. 20. 20.01
48.059 18 FBW_STATUS 2 0 1 124 0
48.088 18 NAVIGATION 0 2 0. 0. 0. 0. 0 0
48.120 18 GPS 0 0 0 0 0 0 0 0 0 0 0
48.159 18 COMMANDS 0,9311,-9600
48.180 18 ATTITUDE 1.482253 0. 1.360861
48.259 18 ACTUATORS 1290,1521,0,1000
48.275 18 ESTIMATOR 0. 0.
48.320 18 NAVIGATION 0 2 0. 0. 0. 0. 0 0
48.356 18 GPS 0 0 0 0 0 0 0 0 0 0 0
48.380 18 WP_MOVED 1 665460. 5319949. 75. 32
48.480 18 GPS_SOL 0 0 0 0
48.487 18 CALIBRATION 0. 0
48.572 18 NAVIGATION 0 2 0. 0. 0. 0. 0 0
48.608 18 GPS 0 0 0 0 0 0 0 0 0 0 0
48.635 18 NAVIGATION 0 2 0. 0. 0. 0. 0 0
48.680 18 ATTITUDE 1.471139 0. 1.357617
48.700 18 BAT 0 125 0 0 1 40 0 0
48.776 18 ESTIMATOR 0. 0.
48.792 18 GYRO_RATES -56 -0.973566 0.
48.811 18 ENERGY 12.5 0. 0 0.
48.840 18 NAVIGATION 0 2 0. 0. 0. 0. 0 0
48.876 18 GPS 0 0 0 0 0 0 0 0 0 0 0
48.896 18 WP_MOVED 2 665509.5 5320029. 75. 32
48.932 18 DESIRED 0. 0.15 0. 0. 0. 700. 0.
48.943 18 DL_VALUE 3 0.
48.968 18 ALIVE 195,2,241,108,116,210,186,177,153,128,63,215,145,135,168,66
48.979 18 PPRZ_MODE 2 0 0 0 0 6
49.006 18 DOWNLINK_STATUS 29 14542 657 0 572. 27. 20.01
49.072 18 NAVIGATION 0 2 0. 0. 0. 0. 0 0
49.108 18 GPS 0 0 0 0 0 0 0 0 0 0 0
49.123 18 IR_SENSORS -8 65 73 57 9
49.180 18 ATTITUDE 1.513519 0. 1.386612
49.275 18 ESTIMATOR 0. 0.
49.324 18 NAVIGATION 0 2 0. 0. 0. 0. 0 0
49.356 18 GPS 0 0 0 0 0 0 0 0 0 0 0
49.383 18 WP_MOVED 3 665540. 5320049. 75. 32
49.572 18 NAVIGATION 0 2 0. 0. 0. 0. 0 0
49.608 18 GPS 0 0 0 0 0 0 0 0 0 0 0
49.632 18 NAVIGATION 0 2 0. 0. 0. 0. 0 0
49.679 18 ATTITUDE 1.487144 0. 1.364101
49.776 18 ESTIMATOR 0. 0.
49.795 18 BAT 0 125 0 0 1 41 0 0
49.824 18 NAVIGATION 0 2 0. 0. 0. 0. 0 0
49.856 18 GPS 0 0 0 0 0 0 0 0 0 0 0
49.884 18 WP_MOVED 4 665470.125 5320139. 75. 32
49.899 18 GYRO_RATES -54 -0.938796 0.
49.907 18 DOWNLINK 0 502 944
49.948 18 DESIRED 0. 0.12 0. 0. 0. 700. 0.
50.006 18 DOWNLINK_STATUS 30 15005 677 0 463. 20. 20.01
50.060 18 FBW_STATUS 2 0 1 125 0
50.084 18 NAVIGATION 0 2 0. 0. 0. 0. 0 0
50.120 18 GPS 0 0 0 0 0 0 0 0 0 0 0
50.180 18 ATTITUDE 1.479684 0. 1.362503
50.276 18 ESTIMATOR 0. 0.
50.291 18 IR_SENSORS -8 65 73 57 9
50.320 18 NAVIGATION 0 2 0. 0. 0. 0. 0 0
50.356 18 GPS 0 0 0 0 0 0 0 0 0 0 0
50.380 18 WP_MOVED 5 665592.3125 5320088. 75. 32
50.391 18 DL_VALUE 4 80.
50.479 18 GPS_SOL 0 0 0 0
50.503 18 PONG 
50.572 18 NAVIGATION 0 2 0. 0. 0. 0. 0 0
50.604 18 GPS 0 0 0 0 0 0 0 0 0 0 0
50.632 18 NAVIGATION 0 2 0. 0. 0. 0. 0 0
50.644 18 CALIBRATION 0. 0
50.680 18 ATTITUDE 1.473715 0. 1.359175
50.776 18 ESTIMATOR 0. 0.
50.820 18 NAVIGATION 0 2 0. 0. 0. 0. 0 0
50.856 18 GPS 0 0 0 0 0 0 0 0 0 0 0
50.880 18 WP_MOVED 6 665597. 5319937.5 75. 32
50.904 18 BAT 0 125 0 0 1 42 0 0
50.996 18 DESIRED 0. 0.15 0. 0. 0. 700. 0.
51.007 18 DOWNLINK_STATUS 31 15500 700 0 495. 23. 19.7
51.011 18 GYRO_RATES -53 -0.921411 0.
51.072 18 NAVIGATION 0 2 0. 0. 0. 0. 0 0
51.104 18 GPS 0 0 0 0 0 0 0 0 0 0 0
51.180 18 ATTITUDE 1.474277 0. 1.362503
51.275 18 ESTIMATOR 0. 0.
51.295 18 ENERGY 12.4 0. 0 0.
51.324 18 NAVIGATION 0 2 0. 0. 0. 0. 0 0
51.360 18 GPS 0 0 0 0 0 0 0 0 0 0 0
51.380 18 WP_MOVED 7 665340.8125 5320018.5 75. 32
51.476 18 IR_SENSORS -9 65 74 56 10
51.572 18 NAVIGATION 0 2 0. 0. 0. 0. 0 0
51.608 18 GPS 0 0 0 0 0 0 0 0 0 0 0
51.632 18 NAVIGATION 0 2 0. 0. 0. 0. 0 0
51.680 18 ATTITUDE 1.483257 0. 1.36504
51.775 18 ESTIMATOR 0. 0.
51.820 18 NAVIGATION 0 2 0. 0. 0. 0. 0 0
51.856 18 GPS 0 0 0 0 0 0 0 0 0 0 0
51.880 18 WP_MOVED 8 665734.375 5320238.5 75. 32
51.891 18 DL_VALUE 5 2.
51.980 18 BAT 0 124 0 0 1 43 0 0
52.007 18 DOWNLINK_STATUS 32 15949 720 0 449. 20. 19.7
52.048 18 DESIRED 0. 0.12 0. 0. 0. 700. 0.
52.059 18 FBW_STATUS 2 0 1 124 0
52.088 18 NAVIGATION 0 2 0. 0. 0. 0. 0 0
52.124 18 GPS 0 0 0 0 0 0 0 0 0 0 0
52.140 18 GYRO_RATES -55 -0.956181 0.
52.180 18 ATTITUDE 1.462893 0. 1.352702
52.276 18 ESTIMATOR 0. 0.
52.320 18 NAVIGATION 0 2 0. 0. 0. 0. 0 0
52.356 18 GPS 0 0 0 0 0 0 0 0 0 0 0
52.384 18 WP_MOVED 9 665345.5 5320111.5 75. 32
52.479 18 GPS_SOL 0 0 0 0
52.572 18 NAVIGATION 0 2 0. 0. 0. 0. 0 0
52.608 18 GPS 0 0 0 0 0 0 0 0 0 0 0
52.632 18 NAVIGATION 0 2 0. 0. 0. 0. 0 0
52.680 18 ATTITUDE 1.473715 0. 1.359175
52.695 18 IR_SENSORS -9 71 80 62 10
52.707 18 CALIBRATION 0. 0
52.776 18 ESTIMATOR 0. 0.
52.820 18 NAVIGATION 0 2 0. 0. 0. 0. 0 0
52.855 18 GPS 0 0 0 0 0 0 0 0 0 0 0
52.880 18 WP_MOVED 0 665502. 5319991. 75. 32
53.008 18 DOWNLINK_STATUS 33 16423 741 0 474. 21. 19.7
53.072 18 NAVIGATION 0 2 0. 0. 0. 0. 0 0
53.104 18 GPS 0 0 0 0 0 0 0 0 0 0 0
53.140 18 DESIRED 0. 0.15 0. 0. 0. 700. 0.
53.164 18 BAT 0 125 0 0 1 45 0 0
53.176 18 COMMANDS 0,9600,-9600
53.196 18 ATTITUDE 1.459957 0. 1.354383
53.212 18 GYRO_RATES -55 -0.956181 0.
53.259 18 ACTUATORS 1290,1510,0,1000
53.275 18 ESTIMATOR 0. 0.
53.320 18 NAVIGATION 0 2 0. 0. 0. 0. 0 0
53.356 18 GPS 0 0 0 0 0 0 0 0 0 0 0
53.380 18 WP_MOVED 1 665460. 5319949. 75. 32
53.391 18 DL_VALUE 6 0.
53.572 18 NAVIGATION 0 2 0. 0. 0. 0. 0 0
53.604 18 GPS 0 0 0 0 0 0 0 0 0 0 0
53.632 18 NAVIGATION 0 2 0. 0. 0. 0. 0 0
53.680 18 ATTITUDE 1.442444 0. 1.33822
53.776 18 ESTIMATOR 0. 0.
53.795 18 ENERGY 12.5 0. 0 0.
53.824 18 NAVIGATION 0 2 0. 0. 0. 0. 0 0
53.856 18 GPS 0 0 0 0 0 0 0 0 0 0 0
53.880 18 WP_MOVED 2 665509.5 5320029. 75. 32
53.895 18 IR_SENSORS -9 68 77 59 10
53.920 18 ALIVE 195,2,241,108,116,210,186,177,153,128,63,215,145,135,168,66
53.971 18 PPRZ_MODE 2 0 0 0 0 6
54.009 18 DOWNLINK_STATUS 34 16969 766 0 546. 25. 19.7
54.055 18 FBW_STATUS 2 0 1 124 0
54.084 18 NAVIGATION 0 2 0. 0. 0. 0. 0 0
54.120 18 GPS 0 0 0 0 0 0 0 0 0 0 0
54.156 18 DESIRED 0. 0.13 0. 0. 0. 700. 0.
54.180 18 ATTITUDE 1.422535 0. 1.326928
54.200 18 BAT 0 124 0 0 1 46 0 0
54.215 18 NAVIGATION_REF 665460 5319949 32
54.275 18 ESTIMATOR 0. 0.
54.292 18 GYRO_RATES -56 -0.973566 0.
54.320 18 NAVIGATION 0 2 0. 0. 0. 0. 0 0
54.355 18 GPS 0 0 0 0 0 0 0 0 0 0 0
54.379 18 WP_MOVED 3 665540. 5320049. 75. 32
54.479 18 GPS_SOL 0 0 0 0
54.572 18 NAVIGATION 0 2 0. 0. 0. 0. 0 0
54.604 18 GPS 0 0 0 0 0 0 0 0 0 0 0
54.632 18 NAVIGATION 0 2 0. 0. 0. 0. 0 0
54.680 18 ATTITUDE 1.549321 0. 1.411366
54.724 18 WIND_INFO 18 42 0. 0. 0.
54.775 18 ESTIMATOR 0. 0.
54.783 18 CALIBRATION 0. 0
54.820 18 NAVIGATION 0 2 0. 0. 0. 0. 0 0
54.856 18 GPS 0 0 0 0 0 0 0 0 0 0 0
54.880 18 WP_MOVED 4 665470.125 5320139. 75. 32
54.891 18 DL_VALUE 7 1.
54.971 18 DOWNLINK 0 492 1058
55.010 18 DOWNLINK_STATUS 35 17484 790 0 515. 24. 19.7
55.072 18 NAVIGATION 0 2 0. 0. 0. 0. 0 0
55.108 18 GPS 0 0 0 0 0 0 0 0 0 0 0
55.123 18 IR_SENSORS -12 67 79 55 12
55.180 18 ATTITUDE 1.393094 0. 1.316276
55.216 18 DESIRED 0. 0.15 0. 0. 0. 700. 0.
55.275 18 ESTIMATOR 0. 0.
55.295 18 BAT 0 125 0 0 1 47 0 0
55.324 18 NAVIGATION 0 2 0. 0. 0. 0. 0 0
55.356 18 GPS 0 0 0 0 0 0 0 0 0 0 0
55.380 18 WP_MOVED 5 665592.3125 5320088. 75. 32
55.396 18 GYRO_RATES -54 -0.938796 0.
55.503 18 PONG 
55.572 18 NAVIGATION 0 2 0. 0. 0. 0. 0 0
55.604 18 GPS 0 0 0 0 0 0 0 0 0 0 0
55.632 18 NAVIGATION 0 2 0. 0. 0. 0. 0 0
55.680 18 ATTITUDE 1.405526 0. 1.322438
55.776 18 ESTIMATOR 0. 0.
55.820 18 NAVIGATION 0 2 0. 0. 0. 0. 0 0
55.856 18 GPS 0 0 0 0 0 0 0 0 0 0 0
55.879 18 WP_MOVED 6 665597. 5319937.5 75. 32
56.011 18 DOWNLINK_STATUS 36 17942 810 0 458. 20. 18.66
56.059 18 FBW_STATUS 2 0 1 125 0
56.084 18 NAVIGATION 0 2 0. 0. 0. 0. 0 0
56.120 18 GPS 0 0 0 0 0 0 0 0 0 0 0
56.179 18 ATTITUDE 1.401524 0. 1.316276
56.248 18 DESIRED 0. 0.13 0. 0. 0. 700. 0.
56.275 18 ESTIMATOR 0. 0.
56.291 18 IR_SENSORS -10 65 75 55 12
56.311 18 ENERGY 12.4 0. 0 0.
56.340 18 NAVIGATION 0 2 0. 0. 0. 0. 0 0
56.375 18 GPS 0 0 0 0 0 0 0 0 0 0 0
56.395 18 WP_MOVED 7 665340.8125 5320018.5 75. 32
56.416 18 BAT 0 125 0 0 1 48 0 0
56.427 18 DL_VALUE 8 0.
56.476 18 GYRO_RATES -53 -0.921411 0.
56.495 18 GPS_SOL 0 0 0 0
56.572 18 NAVIGATION 0 2 0. 0. 0. 0. 0 0
56.604 18 GPS 0 0 0 0 0 0 0 0 0 0 0
56.632 18 NAVIGATION 0 2 0. 0. 0. 0. 0 0
56.679 18 ATTITUDE 1.409393 0. 1.324393
56.776 18 ESTIMATOR 0. 0.
56.820 18 NAVIGATION 0 2 0. 0. 0. 0. 0 0
56.856 18 GPS 0 0 0 0 0 0 0 0 0 0 0
56.880 18 WP_MOVED 8 665734.375 5320238.5 75. 32
56.891 18 CALIBRATION 0. 0
57.012 18 DOWNLINK_STATUS 37 18467 834 0 525. 24. 18.66
57.072 18 NAVIGATION 0 2 0. 0. 0. 0. 0 0
57.104 18 GPS 0 0 0 0 0 0 0 0 0 0 0
57.180 18 ATTITUDE 1.357822 0. 1.291134
57.276 18 ESTIMATOR 0. 0.
57.312 18 DESIRED 0. 0.15 0. 0. 0. 700. 0.
57.340 18 NAVIGATION 0 2 0. 0. 0. 0. 0 0
57.371 18 GPS 0 0 0 0 0 0 0 0 0 0 0
57.396 18 WP_MOVED 9 665345.5 5320111.5 75. 32
57.480 18 BAT 0 124 0 0 1 49 0 0
57.496 18 IR_SENSORS -13 65 78 52 13
57.572 18 NAVIGATION 0 2 0. 0. 0. 0. 0 0
57.604 18 GPS 0 0 0 0 0 0 0 0 0 0 0
57.632 18 NAVIGATION 0 2 0. 0. 0. 0. 0 0
57.648 18 GYRO_RATES -52 -0.904026 0.
57.679 18 ATTITUDE 1.388649 0. 1.314698
57.776 18 ESTIMATOR 0. 0.
57.820 18 NAVIGATION 0 2 0. 0. 0. 0. 0 0
57.855 18 GPS 0 0 0 0 0 0 0 0 0 0 0
57.880 18 WP_MOVED 0 665502. 5319991. 75. 32
57.891 18 DL_VALUE 9 65535.
58.013 18 DOWNLINK_STATUS 38 18930 854 0 463. 20. 18.66
58.059 18 FBW_STATUS 2 0 1 124 0
58.084 18 NAVIGATION 0 2 0. 0. 0. 0. 0 0
58.120 18 GPS 0 0 0 0 0 0 0 0 0 0 0
58.156 18 COMMANDS 0,9600,-9600
58.180 18 ATTITUDE 1.413134 0. 1.333503
58.259 18 ACTUATORS 1290,1510,0,1000
58.275 18 ESTIMATOR 0. 0.
58.320 18 NAVIGATION 0 2 0. 0. 0. 0. 0 0
58.355 18 GPS 0 0 0 0 0 0 0 0 0 0 0
58.392 18 DESIRED 0. 0.13 0. 0. 0. 700. 0.
58.412 18 WP_MOVED 1 665460. 5319949. 75. 32
58.476 18 GPS_SOL 0 0 0 0
58.572 18 NAVIGATION 0 2 0. 0. 0. 0. 0 0
58.608 18 GPS 0 0 0 0 0 0 0 0 0 0 0
58.632 18 NAVIGATION 0 2 0. 0. 0. 0. 0 0
58.652 18 BAT 0 124 0 0 1 50 0 0
58.680 18 ATTITUDE 1.373026 0. 1.30759
58.696 18 GYRO_RATES -65 -1.130033 0.
58.711 18 IR_SENSORS -15 75 90 60 16
58.776 18 ESTIMATOR 0. 0.
58.795 18 ENERGY 12.5 0. 0 0.
58.824 18 NAVIGATION 0 2 0. 0. 0. 0. 0 0
58.860 18 GPS 0 0 0 0 0 0 0 0 0 0 0
58.884 18 WP_MOVED 2 665509.5 5320029. 75. 32
58.908 18 ALIVE 195,2,241,108,116,210,186,177,153,128,63,215,145,135,168,66
58.971 18 CALIBRATION 0. 0
58.983 18 PPRZ_MODE 2 0 0 0 0 6
59.014 18 DOWNLINK_STATUS 39 19507 881 0 577. 27. 18.66
59.072 18 NAVIGATION 0 2 0. 0. 0. 0. 0 0
59.104 18 GPS 0 0 0 0 0 0 0 0 0 0 0
59.180 18 ATTITUDE 1.368811 0. 1.301654
59.276 18 ESTIMATOR 0. 0.
59.320 18 NAVIGATION 0 2 0. 0. 0. 0. 0 0
59.356 18 GPS 0 0 0 0 0 0 0 0 0 0 0
59.380 18 WP_MOVED 3 665540. 5320049. 75. 32
59.416 18 DESIRED 0. 0.14 0. 0. 0. 700. 0.
59.427 18 DL_VALUE 10 -0.062832
59.572 18 NAVIGATION 0 2 0. 0. 0. 0. 0 0
59.604 18 GPS 0 0 0 0 0 0 0 0 0 0 0
59.632 18 NAVIGATION 0 2 0. 0. 0. 0. 0 0
59.680 18 ATTITUDE 1.388649 0. 1.311339
59.700 18 BAT 0 124 0 0 1 51 0 0
59.775 18 ESTIMATOR 0. 0.
59.791 18 GYRO_RATES -64 -1.112647 0.
59.820 18 NAVIGATION 0 2 0. 0. 0. 0. 0 0
59.855 18 GPS 0 0 0 0 0 0 0 0 0 0 0
59.880 18 WP_MOVED 4 665470.125 5320139. 75. 32
59.895 18 IR_SENSORS -15 72 87 57 16
60.015 18 DOWNLINK_STATUS 40 19970 901 0 463. 20. 18.66
60.055 18 FBW_STATUS 2 0 1 125 0
60.084 18 NAVIGATION 0 2 0. 0. 0. 0. 0 0
60.120 18 GPS 0 0 0 0 0 0 0 0 0 0 0
60.131 18 DOWNLINK 0 503 1173
60.180 18 ATTITUDE 1.355329 0. 1.303676
60.276 18 ESTIMATOR 0. 0.
60.320 18 NAVIGATION 0 2 0. 0. 0. 0. 0 0
60.356 18 GPS 0 0 0 0 0 0 0 0 0 0 0
60.380 18 WP_MOVED 5 665592.3125 5320088. 75. 32
60.444 18 DESIRED 0. 0.14 0. 0. 0. 700. 0.
60.475 18 GPS_SOL 0 0 0 0
60.507 18 PONG 
60.572 18 NAVIGATION 0 2 0. 0. 0. 0. 0 0
60.604 18 GPS 0 0 0 0 0 0 0 0 0 0 0
60.632 18 NAVIGATION 0 2 0. 0. 0. 0. 0 0
60.680 18 ATTITUDE 1.355329 0. 1.296276
60.776 18 ESTIMATOR 0. 0.
60.795 18 BAT 0 125 0 0 1 52 0 0
60.824 18 NAVIGATION 0 2 0. 0. 0. 0. 0 0
60.856 18 GPS 0 0 0 0 0 0 0 0 0 0 0
60.880 18 WP_MOVED 6 665597. 5319937.5 75. 32
60.895 18 GYRO_RATES -63 -1.095262 0.
60.907 18 DL_VALUE 11 0.087266
61.016 18 DOWNLINK_STATUS 41 20465 924 0 495. 23. 21.75
61.072 18 NAVIGATION 0 2 0. 0. 0. 0. 0 0
61.108 18 GPS 0 0 0 0 0 0 0 0 0 0 0
61.123 18 IR_SENSORS -15 75 90 60 18
61.132 18 CALIBRATION 0. 0
61.179 18 ATTITUDE 1.322081 0. 1.282002
61.276 18 ESTIMATOR 0. 0.
61.295 18 ENERGY 12.5 0. 0 0.
61.324 18 NAVIGATION 0 2 0. 0. 0. 0. 0 0
61.360 18 GPS 0 0 0 0 0 0 0 0 0 0 0
61.379 18 WP_MOVED 7 665340.8125 5320018.5 75. 32
61.496 18 DESIRED 0. 0.14 0. 0. 0. 700. 0.
61.572 18 NAVIGATION 0 2 0. 0. 0. 0. 0 0
61.608 18 GPS 0 0 0 0 0 0 0 0 0 0 0
61.632 18 NAVIGATION 0 2 0. 0. 0. 0. 0 0
61.684 18 ATTITUDE 1.345041 0. 1.292028
61.776 18 ESTIMATOR 0. 0.
61.820 18 NAVIGATION 0 2 0. 0. 0. 0. 0 0
61.856 18 GPS 0 0 0 0 0 0 0 0 0 0 0
61.879 18 WP_MOVED 8 665734.375 5320238.5 75. 32
61.900 18 BAT 0 124 0 0 1 53 0 0
61.975 18 GYRO_RATES -63 -1.095262 0.
62.017 18 DOWNLINK_STATUS 42 20948 945 0 483. 21. 21.75
62.059 18 FBW_STATUS 2 0 1 124 0
62.084 18 NAVIGATION 0 2 0. 0. 0. 0. 0 0
62.120 18 GPS 0 0 0 0 0 0 0 0 0 0 0
62.179 18 ATTITUDE 1.274858 0. 1.263735
62.276 18 ESTIMATOR 0. 0.
62.291 18 IR_SENSORS -19 74 93 55 21
62.320 18 NAVIGATION 0 2 0. 0. 0. 0. 0 0
62.356 18 GPS 0 0 0 0 0 0 0 0 0 0 0
62.380 18 WP_MOVED 9 665345.5 5320111.5 75. 32
62.391 18 DL_VALUE 0 700.
62.475 18 GPS_SOL 0 0 0 0
62.548 18 DESIRED 0. 0.15 0. 0. 0. 700. 0.
62.572 18 NAVIGATION 0 2 0. 0. 0. 0. 0 0
62.608 18 GPS 0 0 0 0 0 0 0 0 0 0 0
62.636 18 NAVIGATION 0 2 0. 0. 0. 0. 0 0
62.677 18 ATTITUDE 1.340716 0. 1.293916
62.776 18 ESTIMATOR 0. 0.
62.820 18 NAVIGATION 0 2 0. 0. 0. 0. 0 0
62.855 18 GPS 0 0 0 0 0 0 0 0 0 0 0
62.880 18 WP_MOVED 0 665502. 5319991. 75. 32
62.980 18 BAT 0 125 0 0 1 54 0 0
63.018 18 DOWNLINK_STATUS 43 21426 966 0 478. 21. 21.75
63.072 18 NAVIGATION 0 2 0. 0. 0. 0. 0 0
63.107 18 GPS 0 0 0 0 0 0 0 0 0 0 0
63.124 18 GYRO_RATES -64 -1.112647 0.
63.156 18 COMMANDS 0,9259,-9600
63.179 18 ATTITUDE 1.274858 0. 1.263735
63.191 18 CALIBRATION 0. 0
63.203 18 NAVIGATION_REF 665460 5319949 32
63.259 18 ACTUATORS 1290,1524,0,1000
63.275 18 ESTIMATOR 0. 0.
63.320 18 NAVIGATION 0 2 0. 0. 0. 0. 0 0
63.355 18 GPS 0 0 0 0 0 0 0 0 0 0 0
63.380 18 WP_MOVED 1 665460. 5319949. 75. 32
63.475 18 IR_SENSORS -19 75 94 56 22
63.572 18 NAVIGATION 0 2 0. 0. 0. 0. 0 0
63.604 18 GPS 0 0 0 0 0 0 0 0 0 0 0
63.632 18 NAVIGATION 0 2 0. 0. 0. 0. 0 0
63.668 18 DESIRED 0. 0.13 0. 0. 0. 700. 0.
63.688 18 ATTITUDE 1.287492 0. 1.264861
63.776 18 ESTIMATOR 0. 0.
63.796 18 ENERGY 12.4 0. 0 0.
63.824 18 NAVIGATION 0 2 0. 0. 0. 0. 0 0
63.856 18 GPS 0 0 0 0 0 0 0 0 0 0 0
63.880 18 WP_MOVED 2 665509.5 5320029. 75. 32
63.891 18 DL_VALUE 1 0.
63.916 18 ALIVE 195,2,241,108,116,210,186,177,153,128,63,215,145,135,168,66
63.971 18 PPRZ_MODE 2 0 0 0 0 6
64.019 18 DOWNLINK_STATUS 44 21978 992 0 552. 26. 21.75
64.055 18 FBW_STATUS 2 0 1 125 0
64.084 18 NAVIGATION 0 2 0. 0. 0. 0. 0 0
64.120 18 GPS 0 0 0 0 0 0 0 0 0 0 0
64.140 18 BAT 0 125 0 0 1 56 0 0
64.179 18 ATTITUDE 1.286242 0. 1.268172
64.195 18 GYRO_RATES -65 -1.130033 0.
64.276 18 ESTIMATOR 0. 0.
64.320 18 NAVIGATION 0 2 0. 0. 0. 0. 0 0
64.356 18 GPS 0 0 0 0 0 0 0 0 0 0 0
64.380 18 WP_MOVED 3 665540. 5320049. 75. 32
64.480 18 GPS_SOL 0 0 0 0
64.572 18 NAVIGATION 0 2 0. 0. 0. 0. 0 0
64.604 18 GPS 0 0 0 0 0 0 0 0 0 0 0
64.632 18 NAVIGATION 0 2 0. 0. 0. 0. 0 0
64.668 18 DESIRED 0. 0.15 0. 0. 0. 700. 0.
64.688 18 ATTITUDE 1.292649 0. 1.275065
64.703 18 IR_SENSORS -21 83 104 62 22
64.724 18 WIND_INFO 18 42 0. 0. 0.
64.775 18 ESTIMATOR 0. 0.
64.820 18 NAVIGATION 0 2 0. 0. 0. 0. 0 0
64.856 18 GPS 0 0 0 0 0 0 0 0 0 0 0
64.879 18 WP_MOVED 4 665470.125 5320139. 75. 32
65.020 18 DOWNLINK_STATUS 45 22461 1013 0 483. 21. 21.75
65.072 18 NAVIGATION 0 2 0. 0. 0. 0. 0 0
65.104 18 GPS 0 0 0 0 0 0 0 0 0 0 0
65.180 18 ATTITUDE 1.222172 0. 1.245694
65.200 18 BAT 0 124 0 0 1 57 0 0
65.211 18 DOWNLINK 0 493 1286
65.275 18 ESTIMATOR 0. 0.
65.291 18 GYRO_RATES -65 -1.130033 0.
65.303 18 CALIBRATION 0. 0
65.328 18 NAVIGATION 0 2 0. 0. 0. 0. 0 0
65.363 18 GPS 0 0 0 0 0 0 0 0 0 0 0
65.388 18 WP_MOVED 5 665592.3125 5320088. 75. 32
65.395 18 DL_VALUE 2 0.
65.507 18 PONG 
65.572 18 NAVIGATION 0 2 0. 0. 0. 0. 0 0
65.607 18 GPS 0 0 0 0 0 0 0 0 0 0 0
65.632 18 NAVIGATION 0 2 0. 0. 0. 0. 0 0
65.680 18 ATTITUDE 1.258788 0. 1.258819
65.716 18 DESIRED 0. 0.13 0. 0. 0. 700. 0.
65.775 18 ESTIMATOR 0. 0.
65.820 18 NAVIGATION 0 2 0. 0. 0. 0. 0 0
65.856 18 GPS 0 0 0 0 0 0 0 0 0 0 0
65.880 18 WP_MOVED 6 665597. 5319937.5 75. 32
65.895 18 IR_SENSORS -21 76 97 55 24
66.021 18 DOWNLINK_STATUS 46 22952 1036 0 491. 23. 20.71
66.056 18 FBW_STATUS 2 0 1 124 0
66.084 18 NAVIGATION 0 2 0. 0. 0. 0. 0 0
66.120 18 GPS 0 0 0 0 0 0 0 0 0 0 0
66.179 18 ATTITUDE 1.235106 0. 1.245694
66.276 18 ESTIMATOR 0. 0.
66.295 18 BAT 0 124 0 0 1 58 0 0
66.315 18 ENERGY 12.4 0. 0 0.
66.344 18 NAVIGATION 0 2 0. 0. 0. 0. 0 0
66.376 18 GPS 0 0 0 0 0 0 0 0 0 0 0
66.399 18 WP_MOVED 7 665340.8125 5320018.5 75. 32
66.415 18 GYRO_RATES -67 -1.164803 0.
66.476 18 GPS_SOL 0 0 0 0
66.572 18 NAVIGATION 0 2 0. 0. 0. 0. 0 0
66.608 18 GPS 0 0 0 0 0 0 0 0 0 0 0
66.632 18 NAVIGATION 0 2 0. 0. 0. 0. 0 0
66.677 18 ATTITUDE 1.258788 0. 1.258819
66.744 18 DESIRED 0. 0.15 0. 0. 0. 700. 0.
66.775 18 ESTIMATOR 0. 0.
66.820 18 NAVIGATION 0 2 0. 0. 0. 0. 0 0
66.855 18 GPS 0 0 0 0 0 0 0 0 0 0 0
66.880 18 WP_MOVED 8 665734.375 5320238.5 75. 32
66.891 18 DL_VALUE 3 0.
67.022 18 DOWNLINK_STATUS 47 23450 1058 0 498. 22. 20.71
67.072 18 NAVIGATION 0 2 0. 0. 0. 0. 0 0
67.104 18 GPS 0 0 0 0 0 0 0 0 0 0 0
67.123 18 IR_SENSORS -22 78 100 56 25
67.179 18 ATTITUDE 1.213748 0. 1.238551
67.272 18 ESTIMATOR 0. 0.
67.320 18 NAVIGATION 0 2 0. 0. 0. 0. 0 0
67.355 18 GPS 0 0 0 0 0 0 0 0 0 0 0
67.380 18 WP_MOVED 9 665345.5 5320111.5 75. 32
67.399 18 BAT 0 125 0 0 1 59 0 0
67.411 18 CALIBRATION 0. 0
67.475 18 GYRO_RATES -64 -1.112647 0.
67.572 18 NAVIGATION 0 2 0. 0. 0. 0. 0 0
67.604 18 GPS 0 0 0 0 0 0 0 0 0 0 0
67.632 18 NAVIGATION 0 2 0. 0. 0. 0. 0 0
67.679 18 ATTITUDE 1.20445 0. 1.23184
67.772 18 ESTIMATOR 0. 0.
67.808 18 DESIRED 0. 0.13 0. 0. 0. 700. 0.
67.836 18 NAVIGATION 0 2 0. 0. 0. 0. 0 0
67.872 18 GPS 0 0 0 0 0 0 0 0 0 0 0
67.891 18 WP_MOVED 0 665502. 5319991. 75. 32
68.023 18 DOWNLINK_STATUS 48 23913 1078 0 463. 20. 20.71
68.055 18 FBW_STATUS 2 0 1 125 0
68.084 18 NAVIGATION 0 2 0. 0. 0. 0. 0 0
68.120 18 GPS 0 0 0 0 0 0 0 0 0 0 0
68.155 18 COMMANDS 0,8114,-9600
68.181 18 ATTITUDE 1.197945 0. 1.234117
68.260 18 ACTUATORS 1290,1564,0,1000
68.275 18 ESTIMATOR 0. 0.
68.291 18 IR_SENSORS -23 81 104 58 27
68.320 18 NAVIGATION 0 2 0. 0. 0. 0. 0 0
68.356 18 GPS 0 0 0 0 0 0 0 0 0 0 0
68.380 18 WP_MOVED 1 665460. 5319949. 75. 32
68.391 18 DL_VALUE 4 80.
68.479 18 BAT 0 125 0 0 1 60 0 0
68.499 18 GPS_SOL 0 0 0 0
68.572 18 NAVIGATION 0 2 0. 0. 0. 0. 0 0
68.607 18 GPS 0 0 0 0 0 0 0 0 0 0 0
68.632 18 NAVIGATION 0 2 0. 0. 0. 0. 0 0
68.648 18 GYRO_RATES -67 -1.164803 0.
68.679 18 ATTITUDE 1.210774 0. 1.238551
68.776 18 ESTIMATOR 0. 0.
68.795 18 ENERGY 12.5 0. 0 0.
68.824 18 NAVIGATION 0 2 0. 0. 0. 0. 0 0
68.855 18 GPS 0 0 0 0 0 0 0 0 0 0 0
68.892 18 DESIRED 0. 0.15 0. 0. 0. 700. 0.
68.912 18 WP_MOVED 2 665509.5 5320029. 75. 32
68.940 18 ALIVE 195,2,241,108,116,210,186,177,153,128,63,215,145,135,168,66
68.971 18 PPRZ_MODE 2 0 0 0 0 6
69.024 18 DOWNLINK_STATUS 49 24490 1105 0 577. 27. 20.71
69.072 18 NAVIGATION 0 2 0. 0. 0. 0. 0 0
69.104 18 GPS 0 0 0 0 0 0 0 0 0 0 0
69.179 18 ATTITUDE 1.169981 0. 1.224759
69.276 18 ESTIMATOR 0. 0.
69.320 18 NAVIGATION 0 2 0. 0. 0. 0. 0 0
69.356 18 GPS 0 0 0 0 0 0 0 0 0 0 0
69.380 18 WP_MOVED 3 665540. 5320049. 75. 32
69.475 18 IR_SENSORS -23 78 101 55 27
69.487 18 CALIBRATION 0. 0
69.572 18 NAVIGATION 0 2 0. 0. 0. 0. 0 0
69.604 18 GPS 0 0 0 0 0 0 0 0 0 0 0
69.632 18 NAVIGATION 0 2 0. 0. 0. 0. 0 0
69.652 18 BAT 0 124 0 0 1 61 0 0
69.676 18 ATTITUDE 1.20445 0. 1.23184
69.695 18 GYRO_RATES -70 -1.216958 0.
69.772 18 ESTIMATOR 0. 0.
69.820 18 NAVIGATION 0 2 0. 0. 0. 0. 0 0
69.855 18 GPS 0 0 0 0 0 0 0 0 0 0 0
69.880 18 WP_MOVED 4 665470.125 5320139. 75. 32
69.916 18 DESIRED 0. 0.12 0. 0. 0. 700. 0.
69.927 18 DL_VALUE 5 2.
70.025 18 DOWNLINK_STATUS 50 24964 1126 0 474. 21. 20.71
70.055 18 FBW_STATUS 2 0 1 124 0
70.084 18 NAVIGATION 0 2 0. 0. 0. 0. 0 0
70.120 18 GPS 0 0 0 0 0 0 0 0 0 0 0
70.177 18 ATTITUDE 1.162734 0. 1.222927
70.272 18 ESTIMATOR 0. 0.
70.287 18 DOWNLINK 0 492 1400
70.320 18 NAVIGATION 0 2 0. 0. 0. 0. 0 0
70.356 18 GPS 0 0 0 0 0 0 0 0 0 0 0
70.380 18 WP_MOVED 5 665592.3125 5320088. 75. 32
70.475 18 GPS_SOL 0 0 0 0
70.507 18 PONG 
70.572 18 NAVIGATION 0 2 0. 0. 0. 0. 0 0
70.603 18 GPS 0 0 0 0 0 0 0 0 0 0 0
70.632 18 NAVIGATION 0 2 0. 0. 0. 0. 0 0
70.679 18 ATTITUDE 1.203302 0. 1.227587
70.700 18 BAT 0 125 0 0 1 62 0 0
70.715 18 IR_SENSORS -23 84 107 61 28
70.772 18 ESTIMATOR 0. 0.
70.791 18 GYRO_RATES -68 -1.182188 0.
70.820 18 NAVIGATION 0 2 0. 0. 0. 0. 0 0
70.855 18 GPS 0 0 0 0 0 0 0 0 0 0 0
70.880 18 WP_MOVED 6 665597. 5319937.5 75. 32
70.944 18 DESIRED 0. 0.16 0. 0. 0. 700. 0.
71.026 18 DOWNLINK_STATUS 51 25464 1149 0 500. 23. 19.71
71.072 18 NAVIGATION 0 2 0. 0. 0. 0. 0 0
71.104 18 GPS 0 0 0 0 0 0 0 0 0 0 0
71.179 18 ATTITUDE 1.162734 0. 1.218099
71.272 18 ESTIMATOR 0. 0.
71.296 18 ENERGY 12.5 0. 0 0.
71.324 18 NAVIGATION 0 2 0. 0. 0. 0. 0 0
71.356 18 GPS 0 0 0 0 0 0 0 0 0 0 0
71.380 18 WP_MOVED 7 665340.8125 5320018.5 75. 32
71.391 18 DL_VALUE 6 0.
71.572 18 NAVIGATION 0 2 0. 0. 0. 0. 0 0
71.604 18 GPS 0 0 0 0 0 0 0 0 0 0 0
71.632 18 NAVIGATION 0 2 0. 0. 0. 0. 0 0
71.643 18 CALIBRATION 0. 0
71.679 18 ATTITUDE 1.190526 0. 1.227587
71.776 18 ESTIMATOR 0. 0.
71.796 18 BAT 0 124 0 0 1 63 0 0
71.824 18 NAVIGATION 0 2 0. 0. 0. 0. 0 0
71.856 18 GPS 0 0 0 0 0 0 0 0 0 0 0
71.880 18 WP_MOVED 8 665734.375 5320238.5 75. 32
71.896 18 GYRO_RATES -67 -1.164803 0.
71.915 18 IR_SENSORS -25 80 105 55 28
71.996 18 DESIRED 0. 0.12 0. 0. 0. 700. 0.
72.027 18 DOWNLINK_STATUS 52 25958 1171 0 494. 22. 19.71
72.055 18 FBW_STATUS 2 0 1 125 0
72.084 18 NAVIGATION 0 2 0. 0. 0. 0. 0 0
72.120 18 GPS 0 0 0 0 0 0 0 0 0 0 0
72.180 18 ATTITUDE 1.12653 0. 1.202692
72.193 18 NAVIGATION_REF 665460 5319949 32
72.276 18 ESTIMATOR 0. 0.
72.320 18 NAVIGATION 0 2 0. 0. 0. 0. 0 0
72.356 18 GPS 0 0 0 0 0 0 0 0 0 0 0
72.380 18 WP_MOVED 9 665345.5 5320111.5 75. 32
72.476 18 GPS_SOL 0 0 0 0
72.572 18 NAVIGATION 0 2 0. 0. 0. 0. 0 0
72.604 18 GPS 0 0 0 0 0 0 0 0 0 0 0
72.632 18 NAVIGATION 0 2 0. 0. 0. 0. 0 0
72.680 18 ATTITUDE 1.209434 0. 1.229856
72.776 18 ESTIMATOR 0. 0.
72.820 18 NAVIGATION 0 2 0. 0. 0. 0. 0 0
72.856 18 GPS 0 0 0 0 0 0 0 0 0 0 0
72.880 18 WP_MOVED 0 665502. 5319991. 75. 32
72.903 18 BAT 0 124 0 0 1 64 0 0
72.911 18 DL_VALUE 7 1.
72.976 18 GYRO_RATES -65 -1.130033 0.
73.028 18 DOWNLINK_STATUS 53 26417 1192 0 459. 21. 19.71
73.048 18 DESIRED 0. 0.15 0. 0. 0. 700. 0.
73.072 18 NAVIGATION 0 2 0. 0. 0. 0. 0 0
73.107 18 GPS 0 0 0 0 0 0 0 0 0 0 0
73.123 18 IR_SENSORS -24 77 101 53 28
73.155 18 COMMANDS 0,7331,-9600
73.180 18 ATTITUDE 1.162734 0. 1.213094
73.260 18 ACTUATORS 1290,1605,0,1000
73.275 18 ESTIMATOR 0. 0.
73.320 18 NAVIGATION 0 2 0. 0. 0. 0. 0 0
73.356 18 GPS 0 0 0 0 0 0 0 0 0 0 0
73.380 18 WP_MOVED 1 665460. 5319949. 75. 32
73.572 18 NAVIGATION 0 2 0. 0. 0. 0. 0 0
73.608 18 GPS 0 0 0 0 0 0 0 0 0 0 0
73.632 18 NAVIGATION 0 2 0. 0. 0. 0. 0 0
73.680 18 ATTITUDE 1.203302 0. 1.227587
73.692 18 CALIBRATION 0. 0
73.776 18 ESTIMATOR 0. 0.
73.796 18 ENERGY 12.4 0. 0 0.
73.824 18 NAVIGATION 0 2 0. 0. 0. 0. 0 0
73.856 18 GPS 0 0 0 0 0 0 0 0 0 0 0
73.880 18 WP_MOVED 2 665509.5 5320029. 75. 32
73.904 18 ALIVE 195,2,241,108,116,210,186,177,153,128,63,215,145,135,168,66
73.980 18 BAT 0 124 0 0 1 65 0 0
73.992 18 PPRZ_MODE 2 0 0 0 0 6
74.028 18 DOWNLINK_STATUS 54 26947 1216 0 530. 24. 19.71
74.056 18 FBW_STATUS 2 0 1 124 0
74.084 18 NAVIGATION 0 2 0. 0. 0. 0. 0 0
74.120 18 GPS 0 0 0 0 0 0 0 0 0 0 0
74.156 18 DESIRED 0. 0.12 0. 0. 0. 700. 0.
74.172 18 GYRO_RATES -66 -1.147418 0.
74.191 18 ATTITUDE 1.177023 0. 1.213094
74.276 18 ESTIMATOR 0. 0.
74.291 18 IR_SENSORS -23 80 103 57 28
74.320 18 NAVIGATION 0 2 0. 0. 0. 0. 0 0
74.356 18 GPS 0 0 0 0 0 0 0 0 0 0 0
74.380 18 WP_MOVED 3 665540. 5320049. 75. 32
74.391 18 DL_VALUE 8 0.
74.476 18 GPS_SOL 0 0 0 0
74.572 18 NAVIGATION 0 2 0. 0. 0. 0. 0 0
74.603 18 GPS 0 0 0 0 0 0 0 0 0 0 0
74.632 18 NAVIGATION 0 2 0. 0. 0. 0. 0 0
74.677 18 ATTITUDE 1.209434 0. 1.229856
74.725 18 WIND_INFO 18 42 0. 0. 0.
74.776 18 ESTIMATOR 0. 0.
74.820 18 NAVIGATION 0 2 0. 0. 0. 0. 0 0
74.852 18 GPS 0 0 0 0 0 0 0 0 0 0 0
74.880 18 WP_MOVED 4 665470.125 5320139. 75. 32
75.028 18 DOWNLINK_STATUS 55 27421 1237 0 474. 21. 19.71
75.068 18 NAVIGATION 0 2 0. 0. 0. 0. 0 0
75.104 18 GPS 0 0 0 0 0 0 0 0 0 0 0
75.124 18 BAT 0 124 0 0 1 67 0 0
75.160 18 DESIRED 0. 0.15 0. 0. 0. 700. 0.
75.180 18 ATTITUDE 1.162734 0. 1.213094
75.196 18 GYRO_RATES -65 -1.130033 0.
75.272 18 ESTIMATOR 0. 0.
75.320 18 NAVIGATION 0 2 0. 0. 0. 0. 0 0
75.352 18 GPS 0 0 0 0 0 0 0 0 0 0 0
75.380 18 WP_MOVED 5 665592.3125 5320088. 75. 32
75.392 18 DOWNLINK 0 508 1516
75.475 18 IR_SENSORS -23 78 101 55 28
75.507 18 PONG 
75.568 18 NAVIGATION 0 2 0. 0. 0. 0. 0 0
75.604 18 GPS 0 0 0 0 0 0 0 0 0 0 0
75.632 18 NAVIGATION 0 2 0. 0. 0. 0. 0 0
75.676 18 ATTITUDE 1.20445 0. 1.222311
75.772 18 ESTIMATOR 0. 0.
75.784 18 CALIBRATION 0. 0
75.820 18 NAVIGATION 0 2 0. 0. 0. 0. 0 0
75.856 18 GPS 0 0 0 0 0 0 0 0 0 0 0
75.880 18 WP_MOVED 6 665597. 5319937.5 75. 32
75.891 18 DL_VALUE 9 65535.
76.029 18 DOWNLINK_STATUS 56 27912 1260 0 491. 23. 18.76
76.055 18 FBW_STATUS 2 0 1 125 0
76.084 18 NAVIGATION 0 2 0. 0. 0. 0. 0 0
