1.022 18 FBW_STATUS 2 0 1 124 0
1.050 18 NAVIGATION 0 2 0. 0. 0. 0. 0 0
1.082 18 GPS 0 0 0 0 0 0 0 0 0 0 0
1.142 18 ATTITUDE 1.416755 0. 1.320435
1.148 18 DOWNLINK_STATUS 1 486 22 0 486. 22. 0.
1.154 18 DOWNLINK 0 483 140
1.210 18 DESIRED 0. 0.12 0. 0. 0. 700. 0.
1.238 18 ESTIMATOR 0. 0.
1.254 18 IR_SENSORS -9 69 78 60 13
1.282 18 NAVIGATION 0 2 0. 0. 0. 0. 0 0
1.318 18 GPS 0 0 0 0 0 0 0 0 0 0 0
1.346 18 WP_MOVED 3 665540. 5320049. 75. 32
1.354 18 DL_VALUE 4 80.
1.442 18 GPS_SOL 0 0 0 0
1.534 18 NAVIGATION 0 2 0. 0. 0. 0. 0 0
1.570 18 GPS 0 0 0 0 0 0 0 0 0 0 0
1.598 18 NAVIGATION 0 2 0. 0. 0. 0. 0 0
1.618 18 BAT 0 124 0 0 1 6 0 0
1.642 18 ATTITUDE 1.406829 0. 1.308858
1.658 18 GYRO_RATES -62 -1.077877 0.
1.738 18 ESTIMATOR 0. 0.
1.782 18 NAVIGATION 0 2 0. 0. 0. 0. 0 0
1.818 18 GPS 0 0 0 0 0 0 0 0 0 0 0
1.846 18 WP_MOVED 4 665470.125 5320139. 75. 32
1.854 18 CALIBRATION 0. 0
2.034 18 NAVIGATION 0 2 0. 0. 0. 0. 0 0
2.070 18 GPS 0 0 0 0 0 0 0 0 0 0 0
2.142 18 ATTITUDE 1.426945 0. 1.318381
2.149 18 DOWNLINK_STATUS 2 988 45 0 502. 23. 0.
2.238 18 ESTIMATOR 0. 0.
2.286 18 DESIRED 0. 0.15 0. 0. 0. 700. 0.
2.302 18 NAVIGATION 0 2 0. 0. 0. 0. 0 0
2.334 18 GPS 0 0 0 0 0 0 0 0 0 0 0
2.358 18 WP_MOVED 5 665592.3125 5320088. 75. 32
2.442 18 IR_SENSORS -8 67 75 59 13
2.534 18 NAVIGATION 0 2 0. 0. 0. 0. 0 0
2.570 18 GPS 0 0 0 0 0 0 0 0 0 0 0
2.598 18 NAVIGATION 0 2 0. 0. 0. 0. 0 0
2.642 18 ATTITUDE 1.403409 0. 1.302603
2.662 18 BAT 0 124 0 0 1 7 0 0
2.738 18 ESTIMATOR 0. 0.
2.754 18 GYRO_RATES -60 -1.043107 0.
2.782 18 NAVIGATION 0 2 0. 0. 0. 0. 0 0
2.818 18 GPS 0 0 0 0 0 0 0 0 0 0 0
2.846 18 WP_MOVED 6 665597. 5319937.5 75. 32
2.854 18 DL_VALUE 5 2.
3.022 18 FBW_STATUS 2 0 1 124 0
3.050 18 NAVIGATION 0 2 0. 0. 0. 0. 0 0
3.082 18 GPS 0 0 0 0 0 0 0 0 0 0 0
3.142 18 ATTITUDE 1.380553 0. 1.288666
3.149 18 DOWNLINK_STATUS 3 1465 66 0 477. 21. 0.
3.238 18 ESTIMATOR 0. 0.
3.258 18 ENERGY 12.4 0. 0 0.
3.289 18 NAVIGATION 0 2 0. 0. 0. 0. 0 0
3.322 18 GPS 0 0 0 0 0 0 0 0 0 0 0
3.358 18 DESIRED 0. 0.12 0. 0. 0. 700. 0.
3.378 18 WP_MOVED 7 665340.8125 5320018.5 75. 32
3.442 18 GPS_SOL 0 0 0 0
3.534 18 NAVIGATION 0 2 0. 0. 0. 0. 0 0
3.570 18 GPS 0 0 0 0 0 0 0 0 0 0 0
3.594 18 NAVIGATION 0 2 0. 0. 0. 0. 0 0
3.642 18 ATTITUDE 1.410152 0. 1.310848
3.658 18 IR_SENSORS -10 76 86 66 15
3.738 18 ESTIMATOR 0. 0.
3.758 18 BAT 0 124 0 0 1 8 0 0
3.786 18 NAVIGATION 0 2 0. 0. 0. 0. 0 0
3.822 18 GPS 0 0 0 0 0 0 0 0 0 0 0
3.846 18 WP_MOVED 8 665734.375 5320238.5 75. 32
3.862 18 GYRO_RATES -55 -0.956181 0.
3.934 18 CALIBRATION 0. 0
4.034 18 NAVIGATION 0 2 0. 0. 0. 0. 0 0
4.070 18 GPS 0 0 0 0 0 0 0 0 0 0 0
4.142 18 ATTITUDE 1.396254 0. 1.302603
4.150 18 DOWNLINK_STATUS 4 1965 88 0 500. 22. 0.
4.238 18 ESTIMATOR 0. 0.
4.282 18 NAVIGATION 0 2 0. 0. 0. 0. 0 0
4.318 18 GPS 0 0 0 0 0 0 0 0 0 0 0
4.346 18 WP_MOVED 9 665345.5 5320111.5 75. 32
4.378 18 DESIRED 0. 0.14 0. 0. 0. 700. 0.
4.390 18 DL_VALUE 6 0.
4.534 18 NAVIGATION 0 2 0. 0. 0. 0. 0 0
4.570 18 GPS 0 0 0 0 0 0 0 0 0 0 0
4.594 18 NAVIGATION 0 2 0. 0. 0. 0. 0 0
4.642 18 ATTITUDE 1.419567 0. 1.312795
4.738 18 ESTIMATOR 0. 0.
4.782 18 NAVIGATION 0 2 0. 0. 0. 0. 0 0
4.818 18 GPS 0 0 0 0 0 0 0 0 0 0 0
4.846 18 WP_MOVED 0 665502. 5319991. 75. 32
4.866 18 BAT 0 124 0 0 1 9 0 0
4.882 18 IR_SENSORS -9 71 80 62 15
4.938 18 GYRO_RATES -57 -0.990952 0.
5.022 18 FBW_STATUS 2 0 1 124 0
5.050 18 NAVIGATION 0 2 0. 0. 0. 0. 0 0
5.082 18 GPS 0 0 0 0 0 0 0 0 0 0 0
5.122 18 COMMANDS 0,8040,-9600
5.142 18 ATTITUDE 1.376305 0. 1.291134
5.151 18 DOWNLINK_STATUS 5 2455 110 0 490. 22. 0.
5.158 18 NAVIGATION_REF 665460 5319949 32
5.222 18 ACTUATORS 1290,1570,0,1000
5.238 18 ESTIMATOR 0. 0.
5.282 18 NAVIGATION 0 2 0. 0. 0. 0. 0 0
5.318 18 GPS 0 0 0 0 0 0 0 0 0 0 0
5.346 18 WP_MOVED 1 665460. 5319949. 75. 32
5.410 18 DESIRED 0. 0.12 0. 0. 0. 700. 0.
5.442 18 GPS_SOL 0 0 0 0
5.534 18 NAVIGATION 0 2 0. 0. 0. 0. 0 0
5.570 18 GPS 0 0 0 0 0 0 0 0 0 0 0
5.594 18 NAVIGATION 0 2 0. 0. 0. 0. 0 0
5.642 18 ATTITUDE 1.408917 0. 1.30759
5.670 18 PONG 
5.738 18 ESTIMATOR 0. 0.
5.758 18 ENERGY 12.4 0. 0 0.
5.786 18 NAVIGATION 0 2 0. 0. 0. 0. 0 0
5.822 18 GPS 0 0 0 0 0 0 0 0 0 0 0
5.846 18 WP_MOVED 2 665509.5 5320029. 75. 32
5.854 18 DL_VALUE 7 1.
5.878 18 ALIVE 234,232,121,223,242,64,180,13,219,168,219,104,18,121,95,82
5.946 18 BAT 0 124 0 0 1 10 0 0
5.958 18 PPRZ_MODE 2 0 0 0 0 6
6.034 18 NAVIGATION 0 2 0. 0. 0. 0. 0 0
6.070 18 GPS 0 0 0 0 0 0 0 0 0 0 0
6.086 18 GYRO_RATES -61 -1.060492 0.
6.102 18 IR_SENSORS -11 75 86 64 16
6.114 18 CALIBRATION 0. 0
6.142 18 ATTITUDE 1.414959 0. 1.314933
6.151 18 DOWNLINK_STATUS 6 3037 138 0 582. 28. 18.71
6.238 18 ESTIMATOR 0. 0.
6.250 18 DOWNLINK 0 502 257
6.282 18 NAVIGATION 0 2 0. 0. 0. 0. 0 0
6.318 18 GPS 0 0 0 0 0 0 0 0 0 0 0
6.342 18 WP_MOVED 3 665540. 5320049. 75. 32
6.458 18 DESIRED 0. 0.15 0. 0. 0. 700. 0.
6.534 18 NAVIGATION 0 2 0. 0. 0. 0. 0 0
6.570 18 GPS 0 0 0 0 0 0 0 0 0 0 0
6.594 18 NAVIGATION 0 2 0. 0. 0. 0. 0 0
6.642 18 ATTITUDE 1.423446 0. 1.320053
6.738 18 ESTIMATOR 0. 0.
6.782 18 NAVIGATION 0 2 0. 0. 0. 0. 0 0
6.818 18 GPS 0 0 0 0 0 0 0 0 0 0 0
6.842 18 WP_MOVED 4 665470.125 5320139. 75. 32
7.022 18 FBW_STATUS 2 0 1 124 0
7.050 18 NAVIGATION 0 2 0. 0. 0. 0. 0 0
7.082 18 GPS 0 0 0 0 0 0 0 0 0 0 0
7.102 18 BAT 0 124 0 0 1 12 0 0
7.142 18 ATTITUDE 1.392511 0. 1.300419
7.152 18 DOWNLINK_STATUS 7 3482 157 0 445. 19. 18.71
7.158 18 GYRO_RATES -56 -0.973566 0.
7.238 18 ESTIMATOR 0. 0.
7.254 18 IR_SENSORS -10 71 81 61 16
7.282 18 NAVIGATION 0 2 0. 0. 0. 0. 0 0
7.318 18 GPS 0 0 0 0 0 0 0 0 0 0 0
7.346 18 WP_MOVED 5 665592.3125 5320088. 75. 32
7.354 18 DL_VALUE 8 0.
7.442 18 GPS_SOL 0 0 0 0
7.510 18 DESIRED 0. 0.13 0. 0. 0. 700. 0.
7.534 18 NAVIGATION 0 2 0. 0. 0. 0. 0 0
7.570 18 GPS 0 0 0 0 0 0 0 0 0 0 0
7.598 18 NAVIGATION 0 2 0. 0. 0. 0. 0 0
7.642 18 ATTITUDE 1.402537 0. 1.30759
7.738 18 ESTIMATOR 0. 0.
7.782 18 NAVIGATION 0 2 0. 0. 0. 0. 0 0
7.818 18 GPS 0 0 0 0 0 0 0 0 0 0 0
7.842 18 WP_MOVED 6 665597. 5319937.5 75. 32
8.034 18 NAVIGATION 0 2 0. 0. 0. 0. 0 0
8.070 18 GPS 0 0 0 0 0 0 0 0 0 0 0
8.142 18 ATTITUDE 1.381938 0. 1.290318
8.153 18 DOWNLINK_STATUS 8 3942 177 0 460. 20. 18.71
8.162 18 BAT 0 124 0 0 1 13 0 0
8.174 18 CALIBRATION 0. 0
8.238 18 ESTIMATOR 0. 0.
8.254 18 GYRO_RATES -69 -1.199573 0.
8.274 18 ENERGY 12.4 0. 0 0.
8.302 18 NAVIGATION 0 2 0. 0. 0. 0. 0 0
8.338 18 GPS 0 0 0 0 0 0 0 0 0 0 0
8.358 18 WP_MOVED 7 665340.8125 5320018.5 75. 32
8.438 18 IR_SENSORS -11 84 95 73 18
8.534 18 NAVIGATION 0 2 0. 0. 0. 0. 0 0
8.570 18 GPS 0 0 0 0 0 0 0 0 0 0 0
8.594 18 NAVIGATION 0 2 0. 0. 0. 0. 0 0
8.630 18 DESIRED 0. 0.15 0. 0. 0. 700. 0.
8.650 18 ATTITUDE 1.406829 0. 1.308858
8.738 18 ESTIMATOR 0. 0.
8.782 18 NAVIGATION 0 2 0. 0. 0. 0. 0 0
8.818 18 GPS 0 0 0 0 0 0 0 0 0 0 0
8.842 18 WP_MOVED 8 665734.375 5320238.5 75. 32
8.854 18 DL_VALUE 9 0.
9.022 18 FBW_STATUS 2 0 1 124 0
9.050 18 NAVIGATION 0 2 0. 0. 0. 0. 0 0
9.082 18 GPS 0 0 0 0 0 0 0 0 0 0 0
9.142 18 ATTITUDE 1.342171 0. 1.277206
9.153 18 DOWNLINK_STATUS 9 4450 200 0 508. 23. 18.71
9.238 18 ESTIMATOR 0. 0.
9.258 18 BAT 0 124 0 0 1 14 0 0
9.286 18 NAVIGATION 0 2 0. 0. 0. 0. 0 0
9.322 18 GPS 0 0 0 0 0 0 0 0 0 0 0
9.342 18 WP_MOVED 9 665345.5 5320111.5 75. 32
9.362 18 GYRO_RATES -63 -1.095262 0.
9.442 18 GPS_SOL 0 0 0 0
9.534 18 NAVIGATION 0 2 0. 0. 0. 0. 0 0
9.570 18 GPS 0 0 0 0 0 0 0 0 0 0 0
9.594 18 NAVIGATION 0 2 0. 0. 0. 0. 0 0
9.630 18 DESIRED 0. 0.12 0. 0. 0. 700. 0.
9.650 18 ATTITUDE 1.375621 0. 1.292028
9.666 18 IR_SENSORS -13 85 98 72 19
9.738 18 ESTIMATOR 0. 0.
9.782 18 NAVIGATION 0 2 0. 0. 0. 0. 0 0
9.818 18 GPS 0 0 0 0 0 0 0 0 0 0 0
9.842 18 WP_MOVED 0 665502. 5319991. 75. 32
10.034 18 NAVIGATION 0 2 0. 0. 0. 0. 0 0
10.070 18 GPS 0 0 0 0 0 0 0 0 0 0 0
10.118 18 COMMANDS 0,7466,-9600
10.142 18 ATTITUDE 1.379004 0. 1.290102
10.154 18 DOWNLINK_STATUS 10 4932 221 0 482. 21. 18.71
10.222 18 ACTUATORS 1290,1592,0,1000
10.238 18 ESTIMATOR 0. 0.
10.250 18 CALIBRATION 0. 0
10.282 18 NAVIGATION 0 2 0. 0. 0. 0. 0 0
10.318 18 GPS 0 0 0 0 0 0 0 0 0 0 0
10.342 18 WP_MOVED 1 665460. 5319949. 75. 32
10.366 18 BAT 0 124 0 0 1 15 0 0
10.378 18 DL_VALUE 10 -0.062832
10.438 18 GYRO_RATES -70 -1.216958 0.
10.534 18 NAVIGATION 0 2 0. 0. 0. 0. 0 0
10.570 18 GPS 0 0 0 0 0 0 0 0 0 0 0
10.594 18 NAVIGATION 0 2 0. 0. 0. 0. 0 0
10.642 18 ATTITUDE 1.388649 0. 1.299366
10.678 18 DESIRED 0. 0.14 0. 0. 0. 700. 0.
10.682 18 PONG 
10.738 18 ESTIMATOR 0. 0.
10.758 18 ENERGY 12.4 0. 0 0.
10.786 18 NAVIGATION 0 2 0. 0. 0. 0. 0 0
10.822 18 GPS 0 0 0 0 0 0 0 0 0 0 0
10.842 18 WP_MOVED 2 665509.5 5320029. 75. 32
10.862 18 IR_SENSORS -13 77 90 64 21
10.886 18 ALIVE 234,232,121,223,242,64,180,13,219,168,219,104,18,121,95,82
10.934 18 PPRZ_MODE 2 0 0 0 0 6
11.022 18 FBW_STATUS 2 0 1 124 0
11.046 18 NAVIGATION 0 2 0. 0. 0. 0. 0 0
11.082 18 GPS 0 0 0 0 0 0 0 0 0 0 0
11.142 18 ATTITUDE 1.345041 0. 1.275474
11.156 18 DOWNLINK_STATUS 11 5496 248 0 564. 27. 29.84
11.238 18 ESTIMATOR 0. 0.
11.282 18 NAVIGATION 0 2 0. 0. 0. 0. 0 0
11.318 18 GPS 0 0 0 0 0 0 0 0 0 0 0
11.342 18 WP_MOVED 3 665540. 5320049. 75. 32
11.354 18 DOWNLINK 0 497 370
11.442 18 BAT 0 124 0 0 1 16 0 0
11.462 18 GPS_SOL 0 0 0 0
11.534 18 NAVIGATION 0 2 0. 0. 0. 0. 0 0
11.558 18 WIND_INFO 18 42 0. 0. 0.
11.570 18 GPS 0 0 0 0 0 0 0 0 0 0 0
11.594 18 NAVIGATION 0 2 0. 0. 0. 0. 0 0
11.614 18 GYRO_RATES -67 -1.164803 0.
11.642 18 ATTITUDE 1.346052 0. 1.27853
11.710 18 DESIRED 0. 0.13 0. 0. 0. 700. 0.
11.738 18 ESTIMATOR 0. 0.
11.782 18 NAVIGATION 0 2 0. 0. 0. 0. 0 0
11.818 18 GPS 0 0 0 0 0 0 0 0 0 0 0
11.842 18 WP_MOVED 4 665470.125 5320139. 75. 32
11.854 18 DL_VALUE 11 0.087266
12.034 18 NAVIGATION 0 2 0. 0. 0. 0. 0 0
12.070 18 GPS 0 0 0 0 0 0 0 0 0 0 0
12.086 18 IR_SENSORS -15 79 94 64 24
12.142 18 ATTITUDE 1.349834 0. 1.268172
12.156 18 DOWNLINK_STATUS 12 5987 270 0 491. 22. 29.84
12.238 18 ESTIMATOR 0. 0.
12.282 18 NAVIGATION 0 2 0. 0. 0. 0. 0 0
12.318 18 GPS 0 0 0 0 0 0 0 0 0 0 0
12.342 18 WP_MOVED 5 665592.3125 5320088. 75. 32
12.354 18 CALIBRATION 0. 0
12.534 18 NAVIGATION 0 2 0. 0. 0. 0. 0 0
12.570 18 GPS 0 0 0 0 0 0 0 0 0 0 0
12.594 18 NAVIGATION 0 2 0. 0. 0. 0. 0 0
12.618 18 BAT 0 124 0 0 1 17 0 0
12.642 18 ATTITUDE 1.367376 0. 1.286134
12.658 18 GYRO_RATES -78 -1.356039 0.
12.738 18 ESTIMATOR 0. 0.
12.774 18 DESIRED 0. 0.14 0. 0. 0. 700. 0.
12.802 18 NAVIGATION 0 2 0. 0. 0. 0. 0 0
12.834 18 GPS 0 0 0 0 0 0 0 0 0 0 0
12.854 18 WP_MOVED 6 665597. 5319937.5 75. 32
13.022 18 FBW_STATUS 2 0 1 124 0
13.046 18 NAVIGATION 0 2 0. 0. 0. 0. 0 0
13.082 18 GPS 0 0 0 0 0 0 0 0 0 0 0
13.142 18 ATTITUDE 1.321137 0. 1.265976
13.157 18 DOWNLINK_STATUS 13 6448 290 0 461. 20. 29.84
13.238 18 ESTIMATOR 0. 0.
13.254 18 IR_SENSORS -16 79 95 63 22
13.274 18 ENERGY 12.4 0. 0 0.
13.302 18 NAVIGATION 0 2 0. 0. 0. 0. 0 0
13.338 18 GPS 0 0 0 0 0 0 0 0 0 0 0
13.358 18 WP_MOVED 7 665340.8125 5320018.5 75. 32
13.370 18 DL_VALUE 0 700.
13.442 18 GPS_SOL 0 0 0 0
13.534 18 NAVIGATION 0 2 0. 0. 0. 0. 0 0
13.570 18 GPS 0 0 0 0 0 0 0 0 0 0 0
13.594 18 NAVIGATION 0 2 0. 0. 0. 0. 0 0
13.642 18 ATTITUDE 1.325575 0. 1.268172
13.662 18 BAT 0 124 0 0 1 18 0 0
13.738 18 ESTIMATOR 0. 0.
13.754 18 GYRO_RATES -69 -1.199573 0.
13.782 18 NAVIGATION 0 2 0. 0. 0. 0. 0 0
13.818 18 GPS 0 0 0 0 0 0 0 0 0 0 0
13.854 18 DESIRED 0. 0.13 0. 0. 0. 700. 0.
13.874 18 WP_MOVED 8 665734.375 5320238.5 75. 32
14.034 18 NAVIGATION 0 2 0. 0. 0. 0. 0 0
14.070 18 GPS 0 0 0 0 0 0 0 0 0 0 0
14.142 18 ATTITUDE 1.337082 0. 1.278888
14.158 18 NAVIGATION_REF 665460 5319949 32
14.158 18 DOWNLINK_STATUS 14 6963 313 0 515. 23. 29.84
14.238 18 ESTIMATOR 0. 0.
14.282 18 NAVIGATION 0 2 0. 0. 0. 0. 0 0
14.318 18 GPS 0 0 0 0 0 0 0 0 0 0 0
14.342 18 WP_MOVED 9 665345.5 5320111.5 75. 32
14.438 18 IR_SENSORS -16 90 106 74 24
14.450 18 CALIBRATION 0. 0
14.534 18 NAVIGATION 0 2 0. 0. 0. 0. 0 0
14.570 18 GPS 0 0 0 0 0 0 0 0 0 0 0
14.594 18 NAVIGATION 0 2 0. 0. 0. 0. 0 0
14.642 18 ATTITUDE 1.320008 0. 1.256731
14.738 18 ESTIMATOR 0. 0.
14.758 18 BAT 0 124 0 0 1 19 0 0
14.786 18 NAVIGATION 0 2 0. 0. 0. 0. 0 0
14.818 18 GPS 0 0 0 0 0 0 0 0 0 0 0
14.842 18 WP_MOVED 0 665502. 5319991. 75. 32
14.878 18 DESIRED 0. 0.14 0. 0. 0. 700. 0.
14.894 18 GYRO_RATES -79 -1.373424 0.
14.906 18 DL_VALUE 1 0.
15.022 18 FBW_STATUS 2 0 1 124 0
15.046 18 NAVIGATION 0 2 0. 0. 0. 0. 0 0
15.082 18 GPS 0 0 0 0 0 0 0 0 0 0 0
15.118 18 COMMANDS 0,7015,-9600
15.142 18 ATTITUDE 1.289659 0. 1.240978
15.158 18 DOWNLINK_STATUS 15 7464 336 0 501. 23. 29.84
15.222 18 ACTUATORS 1290,1611,0,1000
15.238 18 ESTIMATOR 0. 0.
15.282 18 NAVIGATION 0 2 0. 0. 0. 0. 0 0
15.318 18 GPS 0 0 0 0 0 0 0 0 0 0 0
15.342 18 WP_MOVED 1 665460. 5319949. 75. 32
15.442 18 GPS_SOL 0 0 0 0
15.534 18 NAVIGATION 0 2 0. 0. 0. 0. 0 0
15.570 18 GPS 0 0 0 0 0 0 0 0 0 0 0
15.594 18 NAVIGATION 0 2 0. 0. 0. 0. 0 0
15.642 18 ATTITUDE 1.279925 0. 1.245694
15.658 18 IR_SENSORS -17 82 99 65 24
15.674 18 PONG 
15.738 18 ESTIMATOR 0. 0.
15.758 18 ENERGY 12.4 0. 0 0.
15.786 18 NAVIGATION 0 2 0. 0. 0. 0. 0 0
15.818 18 GPS 0 0 0 0 0 0 0 0 0 0 0
15.842 18 WP_MOVED 2 665509.5 5320029. 75. 32
15.866 18 BAT 0 124 0 0 1 20 0 0
15.890 18 ALIVE 234,232,121,223,242,64,180,13,219,168,219,104,18,121,95,82
15.926 18 DESIRED 0. 0.14 0. 0. 0. 700. 0.
15.942 18 GYRO_RATES -75 -1.303884 0.
15.954 18 PPRZ_MODE 2 0 0 0 0 6
16.034 18 NAVIGATION 0 2 0. 0. 0. 0. 0 0
16.070 18 GPS 0 0 0 0 0 0 0 0 0 0 0
16.142 18 ATTITUDE 1.315993 0. 1.262883
16.159 18 DOWNLINK_STATUS 16 8009 361 0 545. 25. 20.83
16.238 18 ESTIMATOR 0. 0.
16.282 18 NAVIGATION 0 2 0. 0. 0. 0. 0 0
16.318 18 GPS 0 0 0 0 0 0 0 0 0 0 0
16.342 18 WP_MOVED 3 665540. 5320049. 75. 32
16.354 18 DL_VALUE 2 0.
16.434 18 DOWNLINK 0 494 484
16.534 18 NAVIGATION 0 2 0. 0. 0. 0. 0 0
16.570 18 GPS 0 0 0 0 0 0 0 0 0 0 0
16.594 18 NAVIGATION 0 2 0. 0. 0. 0. 0 0
16.606 18 CALIBRATION 0. 0
16.642 18 ATTITUDE 1.303681 0. 1.262001
16.738 18 ESTIMATOR 0. 0.
16.782 18 NAVIGATION 0 2 0. 0. 0. 0. 0 0
16.818 18 GPS 0 0 0 0 0 0 0 0 0 0 0
16.842 18 WP_MOVED 4 665470.125 5320139. 75. 32
16.862 18 IR_SENSORS -19 93 112 74 25
16.958 18 DESIRED 0. 0.13 0. 0. 0. 700. 0.
16.978 18 BAT 0 124 0 0 1 21 0 0
17.022 18 FBW_STATUS 2 0 1 124 0
17.046 18 NAVIGATION 0 2 0. 0. 0. 0. 0 0
17.082 18 GPS 0 0 0 0 0 0 0 0 0 0 0
17.098 18 GYRO_RATES -70 -1.216958 0.
17.142 18 ATTITUDE 1.250344 0. 1.22359
17.160 18 DOWNLINK_STATUS 17 8508 384 0 499. 23. 20.83
17.238 18 ESTIMATOR 0. 0.
17.282 18 NAVIGATION 0 2 0. 0. 0. 0. 0 0
17.318 18 GPS 0 0 0 0 0 0 0 0 0 0 0
17.342 18 WP_MOVED 5 665592.3125 5320088. 75. 32
17.442 18 GPS_SOL 0 0 0 0
17.534 18 NAVIGATION 0 2 0. 0. 0. 0. 0 0
17.570 18 GPS 0 0 0 0 0 0 0 0 0 0 0
17.594 18 NAVIGATION 0 2 0. 0. 0. 0. 0 0
17.642 18 ATTITUDE 1.316362 0. 1.264861
17.738 18 ESTIMATOR 0. 0.
17.782 18 NAVIGATION 0 2 0. 0. 0. 0. 0 0
17.818 18 GPS 0 0 0 0 0 0 0 0 0 0 0
17.842 18 WP_MOVED 6 665597. 5319937.5 75. 32
17.854 18 DL_VALUE 3 0.
18.010 18 DESIRED 0. 0.13 0. 0. 0. 700. 0.
18.034 18 NAVIGATION 0 2 0. 0. 0. 0. 0 0
18.070 18 GPS 0 0 0 0 0 0 0 0 0 0 0
18.090 18 BAT 0 124 0 0 1 23 0 0
18.106 18 IR_SENSORS -19 90 109 71 25
18.142 18 ATTITUDE 1.307829 0. 1.260053
18.158 18 GYRO_RATES -77 -1.338654 0.
18.161 18 DOWNLINK_STATUS 18 8988 405 0 480. 21. 20.83
18.238 18 ESTIMATOR 0. 0.
18.258 18 ENERGY 12.4 0. 0 0.
18.286 18 NAVIGATION 0 2 0. 0. 0. 0. 0 0
18.318 18 GPS 0 0 0 0 0 0 0 0 0 0 0
18.342 18 WP_MOVED 7 665340.8125 5320018.5 75. 32
18.534 18 NAVIGATION 0 2 0. 0. 0. 0. 0 0
18.570 18 GPS 0 0 0 0 0 0 0 0 0 0 0
18.594 18 NAVIGATION 0 2 0. 0. 0. 0. 0 0
18.642 18 ATTITUDE 1.295072 0. 1.258072
18.654 18 CALIBRATION 0. 0
18.738 18 ESTIMATOR 0. 0.
18.782 18 NAVIGATION 0 2 0. 0. 0. 0. 0 0
18.818 18 GPS 0 0 0 0 0 0 0 0 0 0 0
18.842 18 WP_MOVED 8 665734.375 5320238.5 75. 32
19.022 18 FBW_STATUS 2 0 1 124 0
19.046 18 NAVIGATION 0 2 0. 0. 0. 0. 0 0
19.082 18 GPS 0 0 0 0 0 0 0 0 0 0 0
19.118 18 DESIRED 0. 0.13 0. 0. 0. 700. 0.
19.142 18 ATTITUDE 1.307829 0. 1.260053
19.162 18 BAT 0 124 0 0 1 24 0 0
19.162 18 DOWNLINK_STATUS 19 9453 425 0 465. 20. 20.83
19.238 18 ESTIMATOR 0. 0.
19.254 18 GYRO_RATES -78 -1.356039 0.
19.270 18 IR_SENSORS -19 91 110 72 25
19.298 18 NAVIGATION 0 2 0. 0. 0. 0. 0 0
19.334 18 GPS 0 0 0 0 0 0 0 0 0 0 0
19.354 18 WP_MOVED 9 665345.5 5320111.5 75. 32
19.366 18 DL_VALUE 4 80.
19.442 18 GPS_SOL 0 0 0 0
19.534 18 NAVIGATION 0 2 0. 0. 0. 0. 0 0
19.566 18 GPS 0 0 0 0 0 0 0 0 0 0 0
19.594 18 NAVIGATION 0 2 0. 0. 0. 0. 0 0
19.642 18 ATTITUDE 1.283773 0. 1.242834
19.738 18 ESTIMATOR 0. 0.
19.782 18 NAVIGATION 0 2 0. 0. 0. 0. 0 0
19.818 18 GPS 0 0 0 0 0 0 0 0 0 0 0
19.842 18 WP_MOVED 0 665502. 5319991. 75. 32
20.034 18 NAVIGATION 0 2 0. 0. 0. 0. 0 0
20.066 18 GPS 0 0 0 0 0 0 0 0 0 0 0
20.110 18 DESIRED 0. 0.14 0. 0. 0. 700. 0.
20.122 18 COMMANDS 0,6987,-9600
20.142 18 ATTITUDE 1.303681 0. 1.258072
20.162 18 DOWNLINK_STATUS 20 9926 446 0 473. 21. 20.83
20.222 18 ACTUATORS 1290,1611,0,1000
20.238 18 ESTIMATOR 0. 0.
20.258 18 BAT 0 124 0 0 1 25 0 0
20.286 18 NAVIGATION 0 2 0. 0. 0. 0. 0 0
20.318 18 GPS 0 0 0 0 0 0 0 0 0 0 0
20.342 18 WP_MOVED 1 665460. 5319949. 75. 32
20.362 18 GYRO_RATES -77 -1.338654 0.
20.438 18 IR_SENSORS -19 91 110 72 25
20.534 18 NAVIGATION 0 2 0. 0. 0. 0. 0 0
20.566 18 GPS 0 0 0 0 0 0 0 0 0 0 0
20.594 18 NAVIGATION 0 2 0. 0. 0. 0. 0 0
20.642 18 ATTITUDE 1.29943 0. 1.263916
20.674 18 PONG 
20.738 18 ESTIMATOR 0. 0.
20.750 18 CALIBRATION 0. 0
20.770 18 ENERGY 12.4 0. 0 0.
20.798 18 NAVIGATION 0 2 0. 0. 0. 0. 0 0
20.830 18 GPS 0 0 0 0 0 0 0 0 0 0 0
20.854 18 WP_MOVED 2 665509.5 5320029. 75. 32
20.862 18 DL_VALUE 5 2.
20.886 18 ALIVE 234,232,121,223,242,64,180,13,219,168,219,104,18,121,95,82
20.934 18 PPRZ_MODE 2 0 0 0 0 6
21.022 18 FBW_STATUS 2 0 1 124 0
21.046 18 NAVIGATION 0 2 0. 0. 0. 0. 0 0
21.082 18 GPS 0 0 0 0 0 0 0 0 0 0 0
21.142 18 ATTITUDE 1.270235 0. 1.24492
21.163 18 DOWNLINK_STATUS 21 10456 472 0 530. 26. 20.68
21.178 18 DESIRED 0. 0.13 0. 0. 0. 700. 0.
21.238 18 ESTIMATOR 0. 0.
21.282 18 NAVIGATION 0 2 0. 0. 0. 0. 0 0
21.318 18 GPS 0 0 0 0 0 0 0 0 0 0 0
21.342 18 WP_MOVED 3 665540. 5320049. 75. 32
21.366 18 BAT 0 124 0 0 1 26 0 0
21.438 18 GYRO_RATES -80 -1.390809 0.
21.458 18 GPS_SOL 0 0 0 0
21.534 18 NAVIGATION 0 2 0. 0. 0. 0. 0 0
21.559 18 WIND_INFO 18 42 0. 0. 0.
21.566 18 GPS 0 0 0 0 0 0 0 0 0 0 0
21.594 18 NAVIGATION 0 2 0. 0. 0. 0. 0 0
21.606 18 DOWNLINK 0 511 601
21.642 18 ATTITUDE 1.283773 0. 1.246972
21.658 18 IR_SENSORS -19 93 112 74 27
21.738 18 ESTIMATOR 0. 0.
21.782 18 NAVIGATION 0 2 0. 0. 0. 0. 0 0
21.818 18 GPS 0 0 0 0 0 0 0 0 0 0 0
21.842 18 WP_MOVED 4 665470.125 5320139. 75. 32
22.034 18 NAVIGATION 0 2 0. 0. 0. 0. 0 0
22.066 18 GPS 0 0 0 0 0 0 0 0 0 0 0
22.142 18 ATTITUDE 1.307829 0. 1.263916
22.163 18 DOWNLINK_STATUS 22 10936 493 0 480. 21. 20.68
22.206 18 DESIRED 0. 0.14 0. 0. 0. 700. 0.
22.238 18 ESTIMATOR 0. 0.
22.282 18 NAVIGATION 0 2 0. 0. 0. 0. 0 0
22.318 18 GPS 0 0 0 0 0 0 0 0 0 0 0
22.342 18 WP_MOVED 5 665592.3125 5320088. 75. 32
22.354 18 DL_VALUE 6 0.
22.442 18 BAT 0 124 0 0 1 27 0 0
22.534 18 NAVIGATION 0 2 0. 0. 0. 0. 0 0
22.566 18 GPS 0 0 0 0 0 0 0 0 0 0 0
22.594 18 NAVIGATION 0 2 0. 0. 0. 0. 0 0
22.610 18 GYRO_RATES -79 -1.373424 0.
22.642 18 ATTITUDE 1.311878 0. 1.262001
22.738 18 ESTIMATOR 0. 0.
22.782 18 NAVIGATION 0 2 0. 0. 0. 0. 0 0
22.818 18 GPS 0 0 0 0 0 0 0 0 0 0 0
22.842 18 WP_MOVED 6 665597. 5319937.5 75. 32
22.858 18 IR_SENSORS -19 94 113 75 25
22.870 18 CALIBRATION 0. 0
23.022 18 FBW_STATUS 2 0 1 124 0
23.046 18 NAVIGATION 0 2 0. 0. 0. 0. 0 0
23.082 18 GPS 0 0 0 0 0 0 0 0 0 0 0
23.142 18 ATTITUDE 1.234407 0. 1.229522
23.158 18 NAVIGATION_REF 665460 5319949 32
23.164 18 DOWNLINK_STATUS 23 11439 516 0 503. 23. 20.68
23.238 18 ESTIMATOR 0. 0.
23.274 18 DESIRED 0. 0.13 0. 0. 0. 700. 0.
23.294 18 ENERGY 12.4 0. 0 0.
23.322 18 NAVIGATION 0 2 0. 0. 0. 0. 0 0
23.354 18 GPS 0 0 0 0 0 0 0 0 0 0 0
23.374 18 WP_MOVED 7 665340.8125 5320018.5 75. 32
23.438 18 GPS_SOL 0 0 0 0
23.534 18 NAVIGATION 0 2 0. 0. 0. 0. 0 0
23.566 18 GPS 0 0 0 0 0 0 0 0 0 0 0
23.594 18 NAVIGATION 0 2 0. 0. 0. 0. 0 0
23.614 18 BAT 0 124 0 0 1 28 0 0
23.642 18 ATTITUDE 1.283773 0. 1.246972
23.658 18 GYRO_RATES -79 -1.373424 0.
23.738 18 ESTIMATOR 0. 0.
23.782 18 NAVIGATION 0 2 0. 0. 0. 0. 0 0
23.818 18 GPS 0 0 0 0 0 0 0 0 0 0 0
23.842 18 WP_MOVED 8 665734.375 5320238.5 75. 32
23.854 18 DL_VALUE 7 1.
24.034 18 NAVIGATION 0 2 0. 0. 0. 0. 0 0
24.066 18 GPS 0 0 0 0 0 0 0 0 0 0 0
24.086 18 IR_SENSORS -21 97 118 76 27
24.142 18 ATTITUDE 1.267373 0. 1.240635
24.166 18 DOWNLINK_STATUS 24 11939 538 0 500. 22. 20.68
24.238 18 ESTIMATOR 0. 0.
24.282 18 NAVIGATION 0 2 0. 0. 0. 0. 0 0
24.318 18 GPS 0 0 0 0 0 0 0 0 0 0 0
24.354 18 DESIRED 0. 0.14 0. 0. 0. 700. 0.
24.374 18 WP_MOVED 9 665345.5 5320111.5 75. 32
24.534 18 NAVIGATION 0 2 0. 0. 0. 0. 0 0
24.566 18 GPS 0 0 0 0 0 0 0 0 0 0 0
24.594 18 NAVIGATION 0 2 0. 0. 0. 0. 0 0
24.642 18 ATTITUDE 1.274858 0. 1.250973
24.662 18 BAT 0 124 0 0 1 29 0 0
24.738 18 ESTIMATOR 0. 0.
24.754 18 GYRO_RATES -79 -1.373424 0.
24.782 18 NAVIGATION 0 2 0. 0. 0. 0. 0 0
24.818 18 GPS 0 0 0 0 0 0 0 0 0 0 0
24.842 18 WP_MOVED 0 665502. 5319991. 75. 32
24.934 18 CALIBRATION 0. 0
25.022 18 FBW_STATUS 2 0 1 124 0
25.046 18 NAVIGATION 0 2 0. 0. 0. 0. 0 0
25.082 18 GPS 0 0 0 0 0 0 0 0 0 0 0
25.118 18 COMMANDS 0,6725,-9600
25.142 18 ATTITUDE 1.29943 0. 1.260053
25.166 18 DOWNLINK_STATUS 25 12413 559 0 474. 21. 20.68
25.222 18 ACTUATORS 1290,1617,0,1000
25.238 18 ESTIMATOR 0. 0.
25.254 18 IR_SENSORS -20 93 113 73 27
25.282 18 NAVIGATION 0 2 0. 0. 0. 0. 0 0
25.318 18 GPS 0 0 0 0 0 0 0 0 0 0 0
25.342 18 WP_MOVED 1 665460. 5319949. 75. 32
25.378 18 DESIRED 0. 0.13 0. 0. 0. 700. 0.
25.390 18 DL_VALUE 8 0.
25.438 18 GPS_SOL 0 0 0 0
25.534 18 NAVIGATION 0 2 0. 0. 0. 0. 0 0
25.566 18 GPS 0 0 0 0 0 0 0 0 0 0 0
25.594 18 NAVIGATION 0 2 0. 0. 0. 0. 0 0
25.642 18 ATTITUDE 1.274858 0. 1.250973
25.674 18 PONG 
25.738 18 ESTIMATOR 0. 0.
25.758 18 BAT 0 124 0 0 1 30 0 0
25.778 18 ENERGY 12.4 0. 0 0.
25.806 18 NAVIGATION 0 2 0. 0. 0. 0. 0 0
25.842 18 GPS 0 0 0 0 0 0 0 0 0 0 0
25.862 18 WP_MOVED 2 665509.5 5320029. 75. 32
25.878 18 GYRO_RATES -85 -1.477735 0.
25.902 18 ALIVE 234,232,121,223,242,64,180,13,219,168,219,104,18,121,95,82
25.934 18 PPRZ_MODE 2 0 0 0 0 6
26.034 18 NAVIGATION 0 2 0. 0. 0. 0. 0 0
26.066 18 GPS 0 0 0 0 0 0 0 0 0 0 0
26.142 18 ATTITUDE 1.267373 0. 1.240635
26.168 18 DOWNLINK_STATUS 26 12969 585 0 556. 26. 19.73
26.238 18 ESTIMATOR 0. 0.
26.282 18 NAVIGATION 0 2 0. 0. 0. 0. 0 0
26.318 18 GPS 0 0 0 0 0 0 0 0 0 0 0
26.342 18 WP_MOVED 3 665540. 5320049. 75. 32
26.406 18 DESIRED 0. 0.14 0. 0. 0. 700. 0.
26.438 18 IR_SENSORS -21 95 116 74 27
26.534 18 NAVIGATION 0 2 0. 0. 0. 0. 0 0
26.566 18 GPS 0 0 0 0 0 0 0 0 0 0 0
26.594 18 NAVIGATION 0 2 0. 0. 0. 0. 0 0
26.642 18 ATTITUDE 1.271899 0. 1.246681
26.654 18 DOWNLINK 0 489 713
26.738 18 ESTIMATOR 0. 0.
26.782 18 NAVIGATION 0 2 0. 0. 0. 0. 0 0
26.818 18 GPS 0 0 0 0 0 0 0 0 0 0 0
26.842 18 WP_MOVED 4 665470.125 5320139. 75. 32
26.862 18 BAT 0 124 0 0 1 31 0 0
26.874 18 DL_VALUE 9 0.
26.938 18 GYRO_RATES -79 -1.373424 0.
27.023 18 FBW_STATUS 2 0 1 124 0
27.046 18 NAVIGATION 0 2 0. 0. 0. 0. 0 0
27.082 18 GPS 0 0 0 0 0 0 0 0 0 0 0
27.094 18 CALIBRATION 0. 0
27.142 18 ATTITUDE 1.257988 0. 1.240635
27.168 18 DOWNLINK_STATUS 27 13468 608 0 499. 23. 19.73
27.238 18 ESTIMATOR 0. 0.
27.282 18 NAVIGATION 0 2 0. 0. 0. 0. 0 0
27.318 18 GPS 0 0 0 0 0 0 0 0 0 0 0
27.342 18 WP_MOVED 5 665592.3125 5320088. 75. 32
27.458 18 DESIRED 0. 0.13 0. 0. 0. 700. 0.
27.474 18 GPS_SOL 0 0 0 0
27.534 18 NAVIGATION 0 2 0. 0. 0. 0. 0 0
27.566 18 GPS 0 0 0 0 0 0 0 0 0 0 0
27.594 18 NAVIGATION 0 2 0. 0. 0. 0. 0 0
27.642 18 ATTITUDE 1.274858 0. 1.250973
27.658 18 IR_SENSORS -21 93 114 72 27
27.738 18 ESTIMATOR 0. 0.
27.782 18 NAVIGATION 0 2 0. 0. 0. 0. 0 0
27.818 18 GPS 0 0 0 0 0 0 0 0 0 0 0
27.842 18 WP_MOVED 6 665597. 5319937.5 75. 32
27.942 18 BAT 0 124 0 0 1 32 0 0
28.034 18 NAVIGATION 0 2 0. 0. 0. 0. 0 0
28.066 18 GPS 0 0 0 0 0 0 0 0 0 0 0
28.086 18 GYRO_RATES -80 -1.390809 0.
28.142 18 ATTITUDE 1.267373 0. 1.248631
28.169 18 DOWNLINK_STATUS 28 13937 628 0 469. 20. 19.73
28.238 18 ESTIMATOR 0. 0.
28.258 18 ENERGY 12.4 0. 0 0.
28.286 18 NAVIGATION 0 2 0. 0. 0. 0. 0 0
28.318 18 GPS 0 0 0 0 0 0 0 0 0 0 0
28.342 18 WP_MOVED 7 665340.8125 5320018.5 75. 32
28.354 18 DL_VALUE 10 -0.062832
28.506 18 DESIRED 0. 0.14 0. 0. 0. 700. 0.
28.534 18 NAVIGATION 0 2 0. 0. 0. 0. 0 0
28.570 18 GPS 0 0 0 0 0 0 0 0 0 0 0
28.598 18 NAVIGATION 0 2 0. 0. 0. 0. 0 0
28.642 18 ATTITUDE 1.238837 0. 1.226206
28.738 18 ESTIMATOR 0. 0.
28.782 18 NAVIGATION 0 2 0. 0. 0. 0. 0 0
28.818 18 GPS 0 0 0 0 0 0 0 0 0 0 0
28.842 18 WP_MOVED 8 665734.375 5320238.5 75. 32
28.858 18 IR_SENSORS -21 100 121 79 28
29.018 18 FBW_STATUS 2 0 1 124 0
29.046 18 NAVIGATION 0 2 0. 0. 0. 0. 0 0
29.082 18 GPS 0 0 0 0 0 0 0 0 0 0 0
29.102 18 BAT 0 124 0 0 1 34 0 0
29.142 18 ATTITUDE 1.267373 0. 1.248631
29.158 18 GYRO_RATES -82 -1.425579 0.
29.170 18 CALIBRATION 0. 0
29.170 18 DOWNLINK_STATUS 29 14445 651 0 508. 23. 19.73
29.238 18 ESTIMATOR 0. 0.
29.282 18 NAVIGATION 0 2 0. 0. 0. 0. 0 0
29.318 18 GPS 0 0 0 0 0 0 0 0 0 0 0
29.342 18 WP_MOVED 9 665345.5 5320111.5 75. 32
29.438 18 GPS_SOL 0 0 0 0
29.534 18 NAVIGATION 0 2 0. 0. 0. 0. 0 0
29.566 18 GPS 0 0 0 0 0 0 0 0 0 0 0
29.594 18 NAVIGATION 0 2 0. 0. 0. 0. 0 0
29.630 18 DESIRED 0. 0.13 0. 0. 0. 700. 0.
29.650 18 ATTITUDE 1.262737 0. 1.250551
29.738 18 ESTIMATOR 0. 0.
29.782 18 NAVIGATION 0 2 0. 0. 0. 0. 0 0
29.818 18 GPS 0 0 0 0 0 0 0 0 0 0 0
29.842 18 WP_MOVED 0 665502. 5319991. 75. 32
29.854 18 DL_VALUE 11 0.087266
30.034 18 NAVIGATION 0 2 0. 0. 0. 0. 0 0
30.066 18 GPS 0 0 0 0 0 0 0 0 0 0 0
30.086 18 IR_SENSORS -21 98 119 77 28
30.118 18 COMMANDS 0,6832,-9600
30.142 18 ATTITUDE 1.280638 0. 1.250551
30.162 18 BAT 0 124 0 0 1 35 0 0
30.170 18 DOWNLINK_STATUS 30 14922 672 0 477. 21. 19.73
30.222 18 ACTUATORS 1290,1617,0,1000
30.238 18 ESTIMATOR 0. 0.
30.254 18 GYRO_RATES -80 -1.390809 0.
30.282 18 NAVIGATION 0 2 0. 0. 0. 0. 0 0
30.318 18 GPS 0 0 0 0 0 0 0 0 0 0 0
30.342 18 WP_MOVED 1 665460. 5319949. 75. 32
30.534 18 NAVIGATION 0 2 0. 0. 0. 0. 0 0
30.566 18 GPS 0 0 0 0 0 0 0 0 0 0 0
30.594 18 NAVIGATION 0 2 0. 0. 0. 0. 0 0
30.630 18 DESIRED 0. 0.14 0. 0. 0. 700. 0.
30.650 18 ATTITUDE 1.238837 0. 1.230454
30.674 18 PONG 
30.738 18 ESTIMATOR 0. 0.
30.758 18 ENERGY 12.4 0. 0 0.
30.786 18 NAVIGATION 0 2 0. 0. 0. 0. 0 0
30.818 18 GPS 0 0 0 0 0 0 0 0 0 0 0
30.842 18 WP_MOVED 2 665509.5 5320029. 75. 32
30.866 18 ALIVE 234,232,121,223,242,64,180,13,219,168,219,104,18,121,95,82
30.934 18 PPRZ_MODE 2 0 0 0 0 6
31.018 18 FBW_STATUS 2 0 1 124 0
31.046 18 NAVIGATION 0 2 0. 0. 0. 0. 0 0
31.082 18 GPS 0 0 0 0 0 0 0 0 0 0 0
31.142 18 ATTITUDE 1.218136 0. 1.221816
31.171 18 DOWNLINK_STATUS 31 15428 695 0 506. 23. 18.76
31.238 18 ESTIMATOR 0. 0.
31.258 18 BAT 0 124 0 0 1 36 0 0
31.274 18 IR_SENSORS -23 95 118 72 30
31.286 18 CALIBRATION 0. 0
31.314 18 NAVIGATION 0 2 0. 0. 0. 0. 0 0
31.346 18 GPS 0 0 0 0 0 0 0 0 0 0 0
31.370 18 WP_MOVED 3 665540. 5320049. 75. 32
31.386 18 GYRO_RATES -82 -1.425579 0.
31.398 18 DL_VALUE 0 700.
31.438 18 GPS_SOL 0 0 0 0
31.534 18 NAVIGATION 0 2 0. 0. 0. 0. 0 0
31.560 18 WIND_INFO 18 42 0. 0. 0.
31.566 18 GPS 0 0 0 0 0 0 0 0 0 0 0
31.594 18 NAVIGATION 0 2 0. 0. 0. 0. 0 0
31.642 18 ATTITUDE 1.248471 0. 1.238551
31.678 18 DESIRED 0. 0.13 0. 0. 0. 700. 0.
31.738 18 ESTIMATOR 0. 0.
31.750 18 DOWNLINK 0 499 829
31.782 18 NAVIGATION 0 2 0. 0. 0. 0. 0 0
31.818 18 GPS 0 0 0 0 0 0 0 0 0 0 0
31.842 18 WP_MOVED 4 665470.125 5320139. 75. 32
32.032 18 NAVIGATION 0 2 0. 0. 0. 0. 0 0
32.066 18 GPS 0 0 0 0 0 0 0 0 0 0 0
32.142 18 ATTITUDE 1.233847 0. 1.236575
32.158 18 NAVIGATION_REF 665460 5319949 32
32.172 18 DOWNLINK_STATUS 32 15945 719 0 517. 24. 18.76
32.238 18 ESTIMATOR 0. 0.
32.282 18 NAVIGATION 0 2 0. 0. 0. 0. 0 0
32.318 18 GPS 0 0 0 0 0 0 0 0 0 0 0
32.342 18 WP_MOVED 5 665592.3125 5320088. 75. 32
32.362 18 BAT 0 124 0 0 1 37 0 0
32.438 18 GYRO_RATES -82 -1.425579 0.
32.454 18 IR_SENSORS -21 95 116 74 30
32.534 18 NAVIGATION 0 2 0. 0. 0. 0. 0 0
32.566 18 GPS 0 0 0 0 0 0 0 0 0 0 0
32.594 18 NAVIGATION 0 2 0. 0. 0. 0. 0 0
32.642 18 ATTITUDE 1.24371 0. 1.232527
32.706 18 DESIRED 0. 0.14 0. 0. 0. 700. 0.
32.738 18 ESTIMATOR 0. 0.
32.782 18 NAVIGATION 0 2 0. 0. 0. 0. 0 0
32.818 18 GPS 0 0 0 0 0 0 0 0 0 0 0
32.842 18 WP_MOVED 6 665597. 5319937.5 75. 32
32.854 18 DL_VALUE 1 0.
33.018 18 FBW_STATUS 2 0 1 124 0
33.046 18 NAVIGATION 0 2 0. 0. 0. 0. 0 0
33.082 18 GPS 0 0 0 0 0 0 0 0 0 0 0
33.142 18 ATTITUDE 1.227061 0. 1.226623
33.173 18 DOWNLINK_STATUS 33 16422 740 0 477. 21. 18.76
33.238 18 ESTIMATOR 0. 0.
33.258 18 ENERGY 12.4 0. 0 0.
33.286 18 NAVIGATION 0 2 0. 0. 0. 0. 0 0
33.318 18 GPS 0 0 0 0 0 0 0 0 0 0 0
33.342 18 WP_MOVED 7 665340.8125 5320018.5 75. 32
33.354 18 CALIBRATION 0. 0
33.442 18 BAT 0 124 0 0 1 38 0 0
33.462 18 GPS_SOL 0 0 0 0
33.534 18 NAVIGATION 0 2 0. 0. 0. 0. 0 0
33.566 18 GPS 0 0 0 0 0 0 0 0 0 0 0
33.594 18 NAVIGATION 0 2 0. 0. 0. 0. 0 0
33.610 18 GYRO_RATES -81 -1.408194 0.
33.642 18 ATTITUDE 1.227061 0. 1.226623
33.658 18 IR_SENSORS -23 95 118 72 31
33.738 18 ESTIMATOR 0. 0.
33.774 18 DESIRED 0. 0.13 0. 0. 0. 700. 0.
33.798 18 NAVIGATION 0 2 0. 0. 0. 0. 0 0
33.834 18 GPS 0 0 0 0 0 0 0 0 0 0 0
33.854 18 WP_MOVED 8 665734.375 5320238.5 75. 32
33.950 18 SETTING 18 9 1.
33.982 18 DL_VALUE 9 1.
34.034 18 NAVIGATION 0 2 0. 0. 0. 0. 0 0
34.066 18 GPS 0 0 0 0 0 0 0 0 0 0 0
34.142 18 ATTITUDE 1.227061 0. 1.230724
34.173 18 DOWNLINK_STATUS 34 16933 763 0 511. 23. 18.76
34.238 18 ESTIMATOR 0. 0.
34.282 18 NAVIGATION 0 2 0. 0. 0. 0. 0 0
34.318 18 GPS 0 0 0 0 0 0 0 0 0 0 0
34.342 18 WP_MOVED 9 665345.5 5320111.5 75. 32
34.354 18 DL_VALUE 2 0.
34.534 18 NAVIGATION 0 2 0. 0. 0. 0. 0 0
34.566 18 GPS 0 0 0 0 0 0 0 0 0 0 0
34.594 18 NAVIGATION 0 2 0. 0. 0. 0. 0 0
34.614 18 BAT 0 124 0 0 1 39 0 0
34.642 18 ATTITUDE 1.227061 0. 1.234698
34.658 18 GYRO_RATES -84 -1.46035 0.
34.738 18 ESTIMATOR 0. 0.
34.782 18 NAVIGATION 0 2 0. 0. 0. 0. 0 0
34.818 18 GPS 0 0 0 0 0 0 0 0 0 0 0
34.854 18 DESIRED 0. 0.15 0. 0. 0. 700. 0.
34.874 18 WP_MOVED 0 665502. 5319991. 75. 32
34.890 18 IR_SENSORS -24 96 120 72 31
35.018 18 FBW_STATUS 2 0 1 124 0
35.046 18 NAVIGATION 0 2 0. 0. 0. 0. 0 0
35.082 18 GPS 0 0 0 0 0 0 0 0 0 0 0
35.118 18 COMMANDS 0,6783,-9600
35.142 18 ATTITUDE 1.255334 0. 1.24229
35.174 18 DOWNLINK_STATUS 35 17423 785 0 490. 22. 18.76
35.222 18 ACTUATORS 1290,1610,0,1000
35.238 18 ESTIMATOR 0. 0.
35.282 18 NAVIGATION 0 2 0. 0. 0. 0. 0 0
35.318 18 GPS 0 0 0 0 0 0 0 0 0 0 0
35.342 18 WP_MOVED 1 665460. 5319949. 75. 32
35.438 18 GPS_SOL 0 0 0 0
35.450 18 CALIBRATION 0. 0
35.534 18 NAVIGATION 0 2 0. 0. 0. 0. 0 0
35.566 18 GPS 0 0 0 0 0 0 0 0 0 0 0
35.594 18 NAVIGATION 0 2 0. 0. 0. 0. 0 0
35.642 18 ATTITUDE 1.227061 0. 1.230724
35.662 18 BAT 0 124 0 0 1 40 0 0
35.678 18 PONG 
35.738 18 ESTIMATOR 0. 0.
35.754 18 GYRO_RATES -82 -1.425579 0.
35.774 18 ENERGY 12.4 0. 0 0.
35.802 18 NAVIGATION 0 2 0. 0. 0. 0. 0 0
35.834 18 GPS 0 0 0 0 0 0 0 0 0 0 0
35.858 18 WP_MOVED 2 665509.5 5320029. 75. 32
35.894 18 DESIRED 0. 0.13 0. 0. 0. 700. 0.
35.902 18 DL_VALUE 3 0.
35.926 18 ALIVE 234,232,121,223,242,64,180,13,219,168,219,104,18,121,95,82
35.942 18 PPRZ_MODE 2 0 0 0 0 6
36.035 18 NAVIGATION 0 2 0. 0. 0. 0. 0 0
36.066 18 GPS 0 0 0 0 0 0 0 0 0 0 0
36.082 18 IR_SENSORS -25 96 121 71 31
36.142 18 ATTITUDE 1.246335 0. 1.24229
36.176 18 DOWNLINK_STATUS 36 17990 812 0 567. 27. 21.85
36.238 18 ESTIMATOR 0. 0.
36.282 18 NAVIGATION 0 2 0. 0. 0. 0. 0 0
36.318 18 GPS 0 0 0 0 0 0 0 0 0 0 0
36.342 18 WP_MOVED 3 665540. 5320049. 75. 32
36.533 18 NAVIGATION 0 2 0. 0. 0. 0. 0 0
36.566 18 GPS 0 0 0 0 0 0 0 0 0 0 0
36.594 18 NAVIGATION 0 2 0. 0. 0. 0. 0 0
36.642 18 ATTITUDE 1.232048 0. 1.236639
36.738 18 ESTIMATOR 0. 0.
36.758 18 BAT 0 124 0 0 1 41 0 0
36.786 18 NAVIGATION 0 2 0. 0. 0. 0. 0 0
36.818 18 GPS 0 0 0 0 0 0 0 0 0 0 0
36.842 18 WP_MOVED 4 665470.125 5320139. 75. 32
36.858 18 GYRO_RATES -84 -1.46035 0.
36.870 18 DOWNLINK 0 500 944
36.906 18 DESIRED 0. 0.14 0. 0. 0. 700. 0.
37.020 18 FBW_STATUS 2 0 1 124 0
37.046 18 NAVIGATION 0 2 0. 0. 0. 0. 0 0
37.082 18 GPS 0 0 0 0 0 0 0 0 0 0 0
37.142 18 ATTITUDE 1.219121 0. 1.233087
37.176 18 DOWNLINK_STATUS 37 18451 832 0 461. 20. 21.85
37.238 18 ESTIMATOR 0. 0.
37.254 18 IR_SENSORS -25 100 125 75 33
37.282 18 NAVIGATION 0 2 0. 0. 0. 0. 0 0
37.318 18 GPS 0 0 0 0 0 0 0 0 0 0 0
37.342 18 WP_MOVED 5 665592.3125 5320088. 75. 32
37.354 18 DL_VALUE 4 80.
37.438 18 GPS_SOL 0 0 0 0
37.534 18 NAVIGATION 0 2 0. 0. 0. 0. 0 0
37.567 18 GPS 0 0 0 0 0 0 0 0 0 0 0
37.594 18 NAVIGATION 0 2 0. 0. 0. 0. 0 0
37.606 18 CALIBRATION 0. 0
37.642 18 ATTITUDE 1.23692 0. 1.230724
37.738 18 ESTIMATOR 0. 0.
37.782 18 NAVIGATION 0 2 0. 0. 0. 0. 0 0
37.818 18 GPS 0 0 0 0 0 0 0 0 0 0 0
37.842 18 WP_MOVED 6 665597. 5319937.5 75. 32
37.862 18 BAT 0 124 0 0 1 42 0 0
37.958 18 DESIRED 0. 0.13 0. 0. 0. 700. 0.
37.974 18 GYRO_RATES -82 -1.425579 0.
38.034 18 NAVIGATION 0 2 0. 0. 0. 0. 0 0
38.066 18 GPS 0 0 0 0 0 0 0 0 0 0 0
38.142 18 ATTITUDE 1.259686 0. 1.247692
38.178 18 DOWNLINK_STATUS 38 18942 854 0 491. 22. 21.85
38.238 18 ESTIMATOR 0. 0.
38.258 18 ENERGY 12.4 0. 0 0.
38.286 18 NAVIGATION 0 2 0. 0. 0. 0. 0 0
38.318 18 GPS 0 0 0 0 0 0 0 0 0 0 0
38.342 18 WP_MOVED 7 665340.8125 5320018.5 75. 32
38.438 18 IR_SENSORS -25 96 121 71 31
38.534 18 NAVIGATION 0 2 0. 0. 0. 0. 0 0
38.566 18 GPS 0 0 0 0 0 0 0 0 0 0 0
38.594 18 NAVIGATION 0 2 0. 0. 0. 0. 0 0
38.642 18 ATTITUDE 1.198544 0. 1.217278
38.738 18 ESTIMATOR 0. 0.
38.782 18 NAVIGATION 0 2 0. 0. 0. 0. 0 0
38.818 18 GPS 0 0 0 0 0 0 0 0 0 0 0
38.842 18 WP_MOVED 8 665734.375 5320238.5 75. 32
38.854 18 DL_VALUE 5 2.
38.942 18 BAT 0 124 0 0 1 43 0 0
39.006 18 DESIRED 0. 0.15 0. 0. 0. 700. 0.
39.022 18 FBW_STATUS 2 0 1 124 0
39.050 18 NAVIGATION 0 2 0. 0. 0. 0. 0 0
39.082 18 GPS 0 0 0 0 0 0 0 0 0 0 0
39.098 18 GYRO_RATES -85 -1.477735 0.
39.142 18 ATTITUDE 1.223982 0. 1.234935
39.179 18 DOWNLINK_STATUS 39 19439 876 0 497. 22. 21.85
39.234 18 ESTIMATOR 0. 0.
39.282 18 NAVIGATION 0 2 0. 0. 0. 0. 0 0
39.318 18 GPS 0 0 0 0 0 0 0 0 0 0 0
39.342 18 WP_MOVED 9 665345.5 5320111.5 75. 32
39.438 18 GPS_SOL 0 0 0 0
39.535 18 NAVIGATION 0 2 0. 0. 0. 0. 0 0
39.566 18 GPS 0 0 0 0 0 0 0 0 0 0 0
39.594 18 NAVIGATION 0 2 0. 0. 0. 0. 0 0
39.642 18 ATTITUDE 1.175794 0. 1.217955
39.658 18 IR_SENSORS -28 97 125 69 34
39.670 18 CALIBRATION 0. 0
39.738 18 ESTIMATOR 0. 0.
39.782 18 NAVIGATION 0 2 0. 0. 0. 0. 0 0
39.818 18 GPS 0 0 0 0 0 0 0 0 0 0 0
39.842 18 WP_MOVED 0 665502. 5319991. 75. 32
40.034 18 NAVIGATION 0 2 0. 0. 0. 0. 0 0
40.066 18 GPS 0 0 0 0 0 0 0 0 0 0 0
40.102 18 DESIRED 0. 0.13 0. 0. 0. 700. 0.
40.122 18 BAT 0 124 0 0 1 45 0 0
40.138 18 COMMANDS 0,7052,-9600
40.154 18 ATTITUDE 1.272187 0. 1.252861
40.174 18 GYRO_RATES -95 -1.651586 0.
40.179 18 DOWNLINK_STATUS 40 19932 898 0 493. 22. 21.85
40.222 18 ACTUATORS 1290,1609,0,1000
40.238 18 ESTIMATOR 0. 0.
40.282 18 NAVIGATION 0 2 0. 0. 0. 0. 0 0
40.318 18 GPS 0 0 0 0 0 0 0 0 0 0 0
40.342 18 WP_MOVED 1 665460. 5319949. 75. 32
40.354 18 DL_VALUE 6 0.
40.534 18 NAVIGATION 0 2 0. 0. 0. 0. 0 0
40.566 18 GPS 0 0 0 0 0 0 0 0 0 0 0
40.594 18 NAVIGATION 0 2 0. 0. 0. 0. 0 0
40.642 18 ATTITUDE 1.198544 0. 1.22141
40.678 18 PONG 
40.738 18 ESTIMATOR 0. 0.
40.758 18 ENERGY 12.4 0. 0 0.
40.786 18 NAVIGATION 0 2 0. 0. 0. 0. 0 0
40.818 18 GPS 0 0 0 0 0 0 0 0 0 0 0
40.842 18 WP_MOVED 2 665509.5 5320029. 75. 32
40.858 18 IR_SENSORS -26 97 123 71 33
40.882 18 ALIVE 234,232,121,223,242,64,180,13,219,168,219,104,18,121,95,82
40.934 18 PPRZ_MODE 2 0 0 0 0 6
41.018 18 FBW_STATUS 2 0 1 124 0
41.046 18 NAVIGATION 0 2 0. 0. 0. 0. 0 0
41.082 18 GPS 0 0 0 0 0 0 0 0 0 0 0
41.118 18 DESIRED 0. 0.15 0. 0. 0. 700. 0.
41.142 18 ATTITUDE 1.223982 0. 1.231212
41.162 18 BAT 0 124 0 0 1 46 0 0
41.178 18 NAVIGATION_REF 665460 5319949 32
41.180 18 DOWNLINK_STATUS 41 20484 924 0 552. 26. 21.67
41.238 18 ESTIMATOR 0. 0.
41.254 18 GYRO_RATES -88 -1.52989 0.
41.282 18 NAVIGATION 0 2 0. 0. 0. 0. 0 0
41.318 18 GPS 0 0 0 0 0 0 0 0 0 0 0
41.342 18 WP_MOVED 3 665540. 5320049. 75. 32
41.438 18 GPS_SOL 0 0 0 0
41.534 18 NAVIGATION 0 2 0. 0. 0. 0. 0 0
41.561 18 WIND_INFO 18 42 0. 0. 0.
41.566 18 GPS 0 0 0 0 0 0 0 0 0 0 0
41.594 18 NAVIGATION 0 2 0. 0. 0. 0. 0 0
41.642 18 ATTITUDE 1.203866 0. 1.223429
41.734 18 ESTIMATOR 0. 0.
41.746 18 CALIBRATION 0. 0
41.782 18 NAVIGATION 0 2 0. 0. 0. 0. 0 0
41.818 18 GPS 0 0 0 0 0 0 0 0 0 0 0
41.842 18 WP_MOVED 4 665470.125 5320139. 75. 32
41.854 18 DL_VALUE 7 1.
41.934 18 DOWNLINK 0 492 1058
42.034 18 NAVIGATION 0 2 0. 0. 0. 0. 0 0
42.066 18 GPS 0 0 0 0 0 0 0 0 0 0 0
42.082 18 IR_SENSORS -27 97 124 70 33
42.142 18 ATTITUDE 1.217816 0. 1.229591
42.174 18 DESIRED 0. 0.13 0. 0. 0. 700. 0.
42.181 18 DOWNLINK_STATUS 42 20966 946 0 482. 22. 21.67
42.234 18 ESTIMATOR 0. 0.
42.258 18 BAT 0 124 0 0 1 47 0 0
42.286 18 NAVIGATION 0 2 0. 0. 0. 0. 0 0
42.318 18 GPS 0 0 0 0 0 0 0 0 0 0 0
42.342 18 WP_MOVED 5 665592.3125 5320088. 75. 32
42.358 18 GYRO_RATES -84 -1.46035 0.
42.534 18 NAVIGATION 0 2 0. 0. 0. 0. 0 0
42.566 18 GPS 0 0 0 0 0 0 0 0 0 0 0
42.594 18 NAVIGATION 0 2 0. 0. 0. 0. 0 0
42.642 18 ATTITUDE 1.232048 0. 1.232726
42.734 18 ESTIMATOR 0. 0.
42.782 18 NAVIGATION 0 2 0. 0. 0. 0. 0 0
42.818 18 GPS 0 0 0 0 0 0 0 0 0 0 0
42.842 18 WP_MOVED 6 665597. 5319937.5 75. 32
43.018 18 FBW_STATUS 2 0 1 124 0
43.046 18 NAVIGATION 0 2 0. 0. 0. 0. 0 0
43.082 18 GPS 0 0 0 0 0 0 0 0 0 0 0
43.142 18 ATTITUDE 1.223982 0. 1.231212
43.181 18 DOWNLINK_STATUS 43 21382 964 0 416. 18. 21.67
43.206 18 DESIRED 0. 0.15 0. 0. 0. 700. 0.
43.238 18 ESTIMATOR 0. 0.
43.254 18 IR_SENSORS -26 101 127 75 33
43.274 18 ENERGY 12.4 0. 0 0.
43.302 18 NAVIGATION 0 2 0. 0. 0. 0. 0 0
43.334 18 GPS 0 0 0 0 0 0 0 0 0 0 0
43.358 18 WP_MOVED 7 665340.8125 5320018.5 75. 32
43.378 18 BAT 0 124 0 0 1 48 0 0
43.390 18 DL_VALUE 8 0.
43.438 18 GYRO_RATES -84 -1.46035 0.
43.454 18 GPS_SOL 0 0 0 0
43.534 18 NAVIGATION 0 2 0. 0. 0. 0. 0 0
43.566 18 GPS 0 0 0 0 0 0 0 0 0 0 0
43.594 18 NAVIGATION 0 2 0. 0. 0. 0. 0 0
43.642 18 ATTITUDE 1.193098 0. 1.21936
43.734 18 ESTIMATOR 0. 0.
43.782 18 NAVIGATION 0 2 0. 0. 0. 0. 0 0
43.818 18 GPS 0 0 0 0 0 0 0 0 0 0 0
43.842 18 WP_MOVED 8 665734.375 5320238.5 75. 32
43.854 18 CALIBRATION 0. 0
44.034 18 NAVIGATION 0 2 0. 0. 0. 0. 0 0
44.066 18 GPS 0 0 0 0 0 0 0 0 0 0 0
44.142 18 ATTITUDE 1.251021 0. 1.245484
44.181 18 DOWNLINK_STATUS 44 21893 987 0 511. 23. 21.67
44.234 18 ESTIMATOR 0. 0.
44.270 18 DESIRED 0. 0.13 0. 0. 0. 700. 0.
44.298 18 NAVIGATION 0 2 0. 0. 0. 0. 0 0
44.334 18 GPS 0 0 0 0 0 0 0 0 0 0 0
44.354 18 WP_MOVED 9 665345.5 5320111.5 75. 32
44.442 18 BAT 0 124 0 0 1 49 0 0
44.458 18 IR_SENSORS -27 98 125 71 33
44.534 18 NAVIGATION 0 2 0. 0. 0. 0. 0 0
44.566 18 GPS 0 0 0 0 0 0 0 0 0 0 0
44.594 18 NAVIGATION 0 2 0. 0. 0. 0. 0 0
44.610 18 GYRO_RATES -85 -1.477735 0.
44.642 18 ATTITUDE 1.187523 0. 1.22141
44.734 18 ESTIMATOR 0. 0.
44.782 18 NAVIGATION 0 2 0. 0. 0. 0. 0 0
44.818 18 GPS 0 0 0 0 0 0 0 0 0 0 0
44.842 18 WP_MOVED 0 665502. 5319991. 75. 32
44.854 18 DL_VALUE 9 1.
45.018 18 FBW_STATUS 2 0 1 124 0
45.046 18 NAVIGATION 0 2 0. 0. 0. 0. 0 0
45.082 18 GPS 0 0 0 0 0 0 0 0 0 0 0
45.118 18 COMMANDS 0,7332,-9600
45.142 18 ATTITUDE 1.250885 0. 1.247692
45.182 18 DOWNLINK_STATUS 45 22383 1009 0 490. 22. 21.67
45.222 18 ACTUATORS 1290,1597,0,1000
45.234 18 ESTIMATOR 0. 0.
45.282 18 NAVIGATION 0 2 0. 0. 0. 0. 0 0
45.318 18 GPS 0 0 0 0 0 0 0 0 0 0 0
45.350 18 DESIRED 0. 0.15 0. 0. 0. 700. 0.
45.374 18 WP_MOVED 1 665460. 5319949. 75. 32
45.438 18 GPS_SOL 0 0 0 0
45.535 18 NAVIGATION 0 2 0. 0. 0. 0. 0 0
45.566 18 GPS 0 0 0 0 0 0 0 0 0 0 0
45.594 18 NAVIGATION 0 2 0. 0. 0. 0. 0 0
45.614 18 BAT 0 124 0 0 1 50 0 0
45.642 18 ATTITUDE 1.193098 0. 1.21936
45.657 18 GYRO_RATES -83 -1.442965 0.
45.674 18 IR_SENSORS -26 96 122 70 33
45.678 18 PONG 
45.734 18 ESTIMATOR 0. 0.
45.758 18 ENERGY 12.4 0. 0 0.
45.782 18 NAVIGATION 0 2 0. 0. 0. 0. 0 0
45.818 18 GPS 0 0 0 0 0 0 0 0 0 0 0
45.842 18 WP_MOVED 2 665509.5 5320029. 75. 32
45.866 18 ALIVE 234,232,121,223,242,64,180,13,219,168,219,104,18,121,95,82
45.934 18 CALIBRATION 0. 0
45.946 18 PPRZ_MODE 2 0 0 0 0 6
46.035 18 NAVIGATION 0 2 0. 0. 0. 0. 0 0
46.066 18 GPS 0 0 0 0 0 0 0 0 0 0 0
46.142 18 ATTITUDE 1.233387 0. 1.238551
46.184 18 DOWNLINK_STATUS 46 22939 1035 0 556. 26. 20.66
46.234 18 ESTIMATOR 0. 0.
46.282 18 NAVIGATION 0 2 0. 0. 0. 0. 0 0
46.318 18 GPS 0 0 0 0 0 0 0 0 0 0 0
46.342 18 WP_MOVED 3 665540. 5320049. 75. 32
46.378 18 DESIRED 0. 0.12 0. 0. 0. 700. 0.
46.390 18 DL_VALUE 10 -0.062832
46.534 18 NAVIGATION 0 2 0. 0. 0. 0. 0 0
46.567 18 GPS 0 0 0 0 0 0 0 0 0 0 0
46.594 18 NAVIGATION 0 2 0. 0. 0. 0. 0 0
46.638 18 ATTITUDE 1.198544 0. 1.22141
46.662 18 BAT 0 124 0 0 1 51 0 0
46.734 18 ESTIMATOR 0. 0.
46.754 18 GYRO_RATES -85 -1.477735 0.
46.782 18 NAVIGATION 0 2 0. 0. 0. 0. 0 0
46.818 18 GPS 0 0 0 0 0 0 0 0 0 0 0
46.842 18 WP_MOVED 4 665470.125 5320139. 75. 32
46.858 18 IR_SENSORS -26 98 124 72 33
47.018 18 FBW_STATUS 2 0 1 124 0
47.046 18 NAVIGATION 0 2 0. 0. 0. 0. 0 0
47.082 18 GPS 0 0 0 0 0 0 0 0 0 0 0
47.090 18 DOWNLINK 0 503 1173
47.138 18 ATTITUDE 1.219121 0. 1.236756
47.185 18 DOWNLINK_STATUS 47 23427 1057 0 488. 22. 20.66
47.234 18 ESTIMATOR 0. 0.
47.282 18 NAVIGATION 0 2 0. 0. 0. 0. 0 0
47.314 18 GPS 0 0 0 0 0 0 0 0 0 0 0
47.342 18 WP_MOVED 5 665592.3125 5320088. 75. 32
47.406 18 DESIRED 0. 0.15 0. 0. 0. 700. 0.
47.438 18 GPS_SOL 0 0 0 0
47.530 18 NAVIGATION 0 2 0. 0. 0. 0. 0 0
47.566 18 GPS 0 0 0 0 0 0 0 0 0 0 0
47.594 18 NAVIGATION 0 2 0. 0. 0. 0. 0 0
47.638 18 ATTITUDE 1.221957 0. 1.232726
47.734 18 ESTIMATOR 0. 0.
47.758 18 BAT 0 124 0 0 1 52 0 0
47.782 18 NAVIGATION 0 2 0. 0. 0. 0. 0 0
47.818 18 GPS 0 0 0 0 0 0 0 0 0 0 0
47.842 18 WP_MOVED 6 665597. 5319937.5 75. 32
47.858 18 GYRO_RATES -85 -1.477735 0.
47.870 18 DL_VALUE 11 0.087266
48.038 18 NAVIGATION 0 2 0. 0. 0. 0. 0 0
48.066 18 GPS 0 0 0 0 0 0 0 0 0 0 0
48.082 18 IR_SENSORS -24 97 121 73 31
48.094 18 CALIBRATION 0. 0
48.138 18 ATTITUDE 1.242393 0. 1.238551
48.186 18 DOWNLINK_STATUS 48 23918 1079 0 491. 22. 20.66
48.234 18 ESTIMATOR 0. 0.
48.258 18 ENERGY 12.4 0. 0 0.
48.282 18 NAVIGATION 0 2 0. 0. 0. 0. 0 0
48.318 18 GPS 0 0 0 0 0 0 0 0 0 0 0
48.342 18 WP_MOVED 7 665340.8125 5320018.5 75. 32
48.458 18 DESIRED 0. 0.12 0. 0. 0. 700. 0.
48.536 18 NAVIGATION 0 2 0. 0. 0. 0. 0 0
48.566 18 GPS 0 0 0 0 0 0 0 0 0 0 0
48.594 18 NAVIGATION 0 2 0. 0. 0. 0. 0 0
48.638 18 ATTITUDE 1.175794 0. 1.213841
48.734 18 ESTIMATOR 0. 0.
48.782 18 NAVIGATION 0 2 0. 0. 0. 0. 0 0
48.818 18 GPS 0 0 0 0 0 0 0 0 0 0 0
48.842 18 WP_MOVED 8 665734.375 5320238.5 75. 32
48.862 18 BAT 0 124 0 0 1 53 0 0
48.938 18 GYRO_RATES -88 -1.52989 0.
49.018 18 FBW_STATUS 2 0 1 124 0
49.046 18 NAVIGATION 0 2 0. 0. 0. 0. 0 0
49.082 18 GPS 0 0 0 0 0 0 0 0 0 0 0
49.138 18 ATTITUDE 1.15951 0. 1.208104
49.187 18 DOWNLINK_STATUS 49 24388 1099 0 470. 20. 20.66
49.234 18 ESTIMATOR 0. 0.
49.254 18 IR_SENSORS -31 104 135 73 40
49.282 18 NAVIGATION 0 2 0. 0. 0. 0. 0 0
49.318 18 GPS 0 0 0 0 0 0 0 0 0 0 0
49.342 18 WP_MOVED 9 665345.5 5320111.5 75. 32
49.354 18 DL_VALUE 0 700.
49.438 18 GPS_SOL 0 0 0 0
49.506 18 DESIRED 0. 0.16 0. 0. 0. 700. 0.
49.537 18 NAVIGATION 0 2 0. 0. 0. 0. 0 0
49.570 18 GPS 0 0 0 0 0 0 0 0 0 0 0
49.594 18 NAVIGATION 0 2 0. 0. 0. 0. 0 0
49.638 18 ATTITUDE 1.125318 0. 1.200309
49.734 18 ESTIMATOR 0. 0.
49.782 18 NAVIGATION 0 2 0. 0. 0. 0. 0 0
49.818 18 GPS 0 0 0 0 0 0 0 0 0 0 0
49.842 18 WP_MOVED 0 665502. 5319991. 75. 32
49.942 18 BAT 0 124 0 0 1 54 0 0
50.038 18 NAVIGATION 0 2 0. 0. 0. 0. 0 0
50.066 18 GPS 0 0 0 0 0 0 0 0 0 0 0
50.082 18 GYRO_RATES -86 -1.49512 0.
50.118 18 COMMANDS 0,7320,-9600
50.138 18 ATTITUDE 1.15951 0. 1.208104
50.150 18 CALIBRATION 0. 0
50.166 18 NAVIGATION_REF 665460 5319949 32
50.187 18 DOWNLINK_STATUS 50 24907 1123 0 519. 24. 20.66
50.218 18 ACTUATORS 1290,1599,0,1000
50.234 18 ESTIMATOR 0. 0.
50.282 18 NAVIGATION 0 2 0. 0. 0. 0. 0 0
50.318 18 GPS 0 0 0 0 0 0 0 0 0 0 0
50.342 18 WP_MOVED 1 665460. 5319949. 75. 32
50.438 18 IR_SENSORS -29 97 126 68 37
50.530 18 NAVIGATION 0 2 0. 0. 0. 0. 0 0
50.566 18 GPS 0 0 0 0 0 0 0 0 0 0 0
50.594 18 NAVIGATION 0 2 0. 0. 0. 0. 0 0
50.630 18 DESIRED 0. 0.12 0. 0. 0. 700. 0.
50.650 18 ATTITUDE 1.119177 0. 1.189941
50.678 18 PONG 
50.734 18 ESTIMATOR 0. 0.
50.758 18 ENERGY 12.4 0. 0 0.
50.782 18 NAVIGATION 0 2 0. 0. 0. 0. 0 0
50.818 18 GPS 0 0 0 0 0 0 0 0 0 0 0
50.842 18 WP_MOVED 2 665509.5 5320029. 75. 32
50.854 18 DL_VALUE 1 0.
50.878 18 ALIVE 234,232,121,223,242,64,180,13,219,168,219,104,18,121,95,82
50.934 18 PPRZ_MODE 2 0 0 0 0 6
51.018 18 FBW_STATUS 2 0 1 124 0
51.046 18 NAVIGATION 0 2 0. 0. 0. 0. 0 0
51.082 18 GPS 0 0 0 0 0 0 0 0 0 0 0
51.102 18 BAT 0 124 0 0 1 56 0 0
51.138 18 ATTITUDE 1.14296 0. 1.198293
51.158 18 GYRO_RATES -89 -1.547275 0.
51.188 18 DOWNLINK_STATUS 51 25460 1149 0 553. 26. 20.7
51.234 18 ESTIMATOR 0. 0.
51.282 18 NAVIGATION 0 2 0. 0. 0. 0. 0 0
51.314 18 GPS 0 0 0 0 0 0 0 0 0 0 0
51.342 18 WP_MOVED 3 665540. 5320049. 75. 32
51.438 18 GPS_SOL 0 0 0 0
51.534 18 NAVIGATION 0 2 0. 0. 0. 0. 0 0
51.562 18 WIND_INFO 18 42 0. 0. 0.
51.566 18 GPS 0 0 0 0 0 0 0 0 0 0 0
51.594 18 NAVIGATION 0 2 0. 0. 0. 0. 0 0
51.630 18 DESIRED 0. 0.14 0. 0. 0. 700. 0.
51.650 18 ATTITUDE 1.31969 0. 1.27302
51.666 18 IR_SENSORS -20 97 117 77 25
51.734 18 ESTIMATOR 0. 0.
51.782 18 NAVIGATION 0 2 0. 0. 0. 0. 0 0
51.818 18 GPS 0 0 0 0 0 0 0 0 0 0 0
51.842 18 WP_MOVED 4 665470.125 5320139. 75. 32
52.030 18 NAVIGATION 0 2 0. 0. 0. 0. 0 0
52.066 18 GPS 0 0 0 0 0 0 0 0 0 0 0
52.138 18 ATTITUDE 1.231758 0. 1.241964
52.158 18 BAT 0 124 0 0 1 57 0 0
52.170 18 DOWNLINK 0 493 1286
52.189 18 DOWNLINK_STATUS 52 25924 1169 0 464. 20. 20.7
52.234 18 ESTIMATOR 0. 0.
52.250 18 GYRO_RATES -86 -1.49512 0.
52.262 18 CALIBRATION 0. 0
52.290 18 NAVIGATION 0 2 0. 0. 0. 0. 0 0
52.326 18 GPS 0 0 0 0 0 0 0 0 0 0 0
52.346 18 WP_MOVED 5 665592.3125 5320088. 75. 32
52.358 18 DL_VALUE 2 0.
52.530 18 NAVIGATION 0 2 0. 0. 0. 0. 0 0
52.566 18 GPS 0 0 0 0 0 0 0 0 0 0 0
52.594 18 NAVIGATION 0 2 0. 0. 0. 0. 0 0
52.638 18 ATTITUDE 1.311878 0. 1.269469
52.674 18 DESIRED 0. 0.14 0. 0. 0. 700. 0.
52.734 18 ESTIMATOR 0. 0.
52.782 18 NAVIGATION 0 2 0. 0. 0. 0. 0 0
52.814 18 GPS 0 0 0 0 0 0 0 0 0 0 0
52.842 18 WP_MOVED 6 665597. 5319937.5 75. 32
52.858 18 IR_SENSORS -19 95 114 76 24
53.018 18 FBW_STATUS 2 0 1 124 0
53.046 18 NAVIGATION 0 2 0. 0. 0. 0. 0 0
53.082 18 GPS 0 0 0 0 0 0 0 0 0 0 0
53.138 18 ATTITUDE 1.209761 0. 1.228634
53.191 18 DOWNLINK_STATUS 53 26392 1190 0 468. 21. 20.7
53.234 18 ESTIMATOR 0. 0.
53.258 18 BAT 0 124 0 0 1 58 0 0
53.278 18 ENERGY 12.4 0. 0 0.
53.306 18 NAVIGATION 0 2 0. 0. 0. 0. 0 0
53.338 18 GPS 0 0 0 0 0 0 0 0 0 0 0
53.358 18 WP_MOVED 7 665340.8125 5320018.5 75. 32
53.378 18 GYRO_RATES -89 -1.547275 0.
53.438 18 GPS_SOL 0 0 0 0
53.530 18 NAVIGATION 0 2 0. 0. 0. 0. 0 0
53.566 18 GPS 0 0 0 0 0 0 0 0 0 0 0
53.594 18 NAVIGATION 0 2 0. 0. 0. 0. 0 0
53.638 18 ATTITUDE 1.303681 0. 1.269469
53.706 18 DESIRED 0. 0.14 0. 0. 0. 700. 0.
53.734 18 ESTIMATOR 0. 0.
53.782 18 NAVIGATION 0 2 0. 0. 0. 0. 0 0
53.814 18 GPS 0 0 0 0 0 0 0 0 0 0 0
53.842 18 WP_MOVED 8 665734.375 5320238.5 75. 32
53.854 18 DL_VALUE 3 0.
54.030 18 NAVIGATION 0 2 0. 0. 0. 0. 0 0
54.066 18 GPS 0 0 0 0 0 0 0 0 0 0 0
54.082 18 IR_SENSORS -20 96 116 76 25
54.138 18 ATTITUDE 1.341066 0. 1.286134
54.192 18 DOWNLINK_STATUS 54 26892 1212 0 500. 22. 20.7
54.234 18 ESTIMATOR 0. 0.
54.282 18 NAVIGATION 0 2 0. 0. 0. 0. 0 0
54.314 18 GPS 0 0 0 0 0 0 0 0 0 0 0
54.342 18 WP_MOVED 9 665345.5 5320111.5 75. 32
54.362 18 BAT 0 124 0 0 1 59 0 0
54.374 18 CALIBRATION 0. 0
54.438 18 GYRO_RATES -88 -1.52989 0.
54.530 18 NAVIGATION 0 2 0. 0. 0. 0. 0 0
54.566 18 GPS 0 0 0 0 0 0 0 0 0 0 0
54.594 18 NAVIGATION 0 2 0. 0. 0. 0. 0 0
54.638 18 ATTITUDE 1.158931 0. 1.21024
54.734 18 ESTIMATOR 0. 0.
54.770 18 DESIRED 0. 0.12 0. 0. 0. 700. 0.
54.798 18 NAVIGATION 0 2 0. 0. 0. 0. 0 0
54.834 18 GPS 0 0 0 0 0 0 0 0 0 0 0
54.854 18 WP_MOVED 0 665502. 5319991. 75. 32
55.018 18 FBW_STATUS 2 0 1 124 0
55.046 18 NAVIGATION 0 2 0. 0. 0. 0. 0 0
55.082 18 GPS 0 0 0 0 0 0 0 0 0 0 0
55.118 18 COMMANDS 0,7506,-9600
55.138 18 ATTITUDE 1.164516 0. 1.212195
55.193 18 DOWNLINK_STATUS 55 27366 1233 0 474. 21. 20.7
55.218 18 ACTUATORS 1290,1594,0,1000
55.234 18 ESTIMATOR 0. 0.
55.254 18 IR_SENSORS -29 102 131 73 37
55.282 18 NAVIGATION 0 2 0. 0. 0. 0. 0 0
55.314 18 GPS 0 0 0 0 0 0 0 0 0 0 0
55.342 18 WP_MOVED 1 665460. 5319949. 75. 32
55.354 18 DL_VALUE 4 80.
55.442 18 BAT 0 124 0 0 1 60 0 0
55.458 18 GPS_SOL 0 0 0 0
55.530 18 NAVIGATION 0 2 0. 0. 0. 0. 0 0
55.566 18 GPS 0 0 0 0 0 0 0 0 0 0 0
55.594 18 NAVIGATION 0 2 0. 0. 0. 0. 0 0
55.610 18 GYRO_RATES -87 -1.512505 0.
55.638 18 ATTITUDE 1.169981 0. 1.20523
55.678 18 PONG 
55.734 18 ESTIMATOR 0. 0.
55.758 18 ENERGY 12.4 0. 0 0.
55.782 18 NAVIGATION 0 2 0. 0. 0. 0. 0 0
55.818 18 GPS 0 0 0 0 0 0 0 0 0 0 0
55.854 18 DESIRED 0. 0.16 0. 0. 0. 700. 0.
55.874 18 WP_MOVED 2 665509.5 5320029. 75. 32
55.898 18 ALIVE 234,232,121,223,242,64,180,13,219,168,219,104,18,121,95,82
55.934 18 PPRZ_MODE 2 0 0 0 0 6
56.034 18 NAVIGATION 0 2 0. 0. 0. 0. 0 0
56.066 18 GPS 0 0 0 0 0 0 0 0 0 0 0
56.138 18 ATTITUDE 1.195616 0. 1.223375
56.194 18 DOWNLINK_STATUS 56 27922 1259 0 556. 26. 19.67
56.234 18 ESTIMATOR 0. 0.
56.282 18 NAVIGATION 0 2 0. 0. 0. 0. 0 0
56.314 18 GPS 0 0 0 0 0 0 0 0 0 0 0
56.342 18 WP_MOVED 3 665540. 5320049. 75. 32
56.438 18 IR_SENSORS -28 96 124 68 37
56.450 18 CALIBRATION 0. 0
56.530 18 NAVIGATION 0 2 0. 0. 0. 0. 0 0
56.566 18 GPS 0 0 0 0 0 0 0 0 0 0 0
56.594 18 NAVIGATION 0 2 0. 0. 0. 0. 0 0
56.614 18 BAT 0 124 0 0 1 61 0 0
56.638 18 ATTITUDE 1.158617 0. 1.20523
56.658 18 GYRO_RATES -85 -1.477735 0.
56.734 18 ESTIMATOR 0. 0.
56.782 18 NAVIGATION 0 2 0. 0. 0. 0. 0 0
56.814 18 GPS 0 0 0 0 0 0 0 0 0 0 0
56.842 18 WP_MOVED 4 665470.125 5320139. 75. 32
56.878 18 DESIRED 0. 0.12 0. 0. 0. 700. 0.
56.890 18 DL_VALUE 5 2.
57.018 18 FBW_STATUS 2 0 1 124 0
57.049 18 NAVIGATION 0 2 0. 0. 0. 0. 0 0
57.082 18 GPS 0 0 0 0 0 0 0 0 0 0 0
57.138 18 ATTITUDE 1.164516 0. 1.212195
57.195 18 DOWNLINK_STATUS 57 28410 1281 0 488. 22. 19.67
57.234 18 ESTIMATOR 0. 0.
57.246 18 DOWNLINK 0 492 1400
57.282 18 NAVIGATION 0 2 0. 0. 0. 0. 0 0
57.314 18 GPS 0 0 0 0 0 0 0 0 0 0 0
57.342 18 WP_MOVED 5 665592.3125 5320088. 75. 32
57.438 18 GPS_SOL 0 0 0 0
57.530 18 NAVIGATION 0 2 0. 0. 0. 0. 0 0
57.570 18 GPS 0 0 0 0 0 0 0 0 0 0 0
57.594 18 NAVIGATION 0 2 0. 0. 0. 0. 0 0
57.638 18 ATTITUDE 1.288073 0. 1.256731
57.658 18 BAT 0 124 0 0 1 62 0 0
57.678 18 IR_SENSORS -21 96 117 75 27
57.734 18 ESTIMATOR 0. 0.
57.750 18 GYRO_RATES -88 -1.52989 0.
57.782 18 NAVIGATION 0 2 0. 0. 0. 0. 0 0
57.814 18 GPS 0 0 0 0 0 0 0 0 0 0 0
57.842 18 WP_MOVED 6 665597. 5319937.5 75. 32
57.906 18 DESIRED 0. 0.16 0. 0. 0. 700. 0.
58.030 18 NAVIGATION 0 2 0. 0. 0. 0. 0 0
58.066 18 GPS 0 0 0 0 0 0 0 0 0 0 0
58.138 18 ATTITUDE 1.215404 0. 1.226565
58.196 18 DOWNLINK_STATUS 58 28890 1302 0 480. 21. 19.67
58.234 18 ESTIMATOR 0. 0.
58.254 18 ENERGY 12.4 0. 0 0.
58.282 18 NAVIGATION 0 2 0. 0. 0. 0. 0 0
58.318 18 GPS 0 0 0 0 0 0 0 0 0 0 0
58.342 18 WP_MOVED 7 665340.8125 5320018.5 75. 32
58.354 18 DL_VALUE 6 0.
58.530 18 NAVIGATION 0 2 0. 0. 0. 0. 0 0
58.570 18 GPS 0 0 0 0 0 0 0 0 0 0 0
58.594 18 NAVIGATION 0 2 0. 0. 0. 0. 0 0
58.606 18 CALIBRATION 0. 0
58.638 18 ATTITUDE 1.134282 0. 1.20523
58.734 18 ESTIMATOR 0. 0.
58.754 18 BAT 0 124 0 0 1 63 0 0
58.782 18 NAVIGATION 0 2 0. 0. 0. 0. 0 0
58.818 18 GPS 0 0 0 0 0 0 0 0 0 0 0
58.842 18 WP_MOVED 8 665734.375 5320238.5 75. 32
58.858 18 GYRO_RATES -85 -1.477735 0.
58.874 18 IR_SENSORS -29 98 127 69 36
58.954 18 DESIRED 0. 0.12 0. 0. 0. 700. 0.
59.018 18 FBW_STATUS 2 0 1 124 0
59.046 18 NAVIGATION 0 2 0. 0. 0. 0. 0 0
59.078 18 GPS 0 0 0 0 0 0 0 0 0 0 0
59.138 18 ATTITUDE 1.175475 0. 1.215341
59.154 18 NAVIGATION_REF 665460 5319949 32
59.196 18 DOWNLINK_STATUS 59 29413 1326 0 523. 24. 19.67
59.234 18 ESTIMATOR 0. 0.
59.282 18 NAVIGATION 0 2 0. 0. 0. 0. 0 0
59.314 18 GPS 0 0 0 0 0 0 0 0 0 0 0
59.342 18 WP_MOVED 9 665345.5 5320111.5 75. 32
59.438 18 GPS_SOL 0 0 0 0
59.530 18 NAVIGATION 0 2 0. 0. 0. 0. 0 0
59.566 18 GPS 0 0 0 0 0 0 0 0 0 0 0
59.594 18 NAVIGATION 0 2 0. 0. 0. 0. 0 0
59.638 18 ATTITUDE 1.158617 0. 1.209362
59.734 18 ESTIMATOR 0. 0.
59.782 18 NAVIGATION 0 2 0. 0. 0. 0. 0 0
59.814 18 GPS 0 0 0 0 0 0 0 0 0 0 0
59.842 18 WP_MOVED 0 665502. 5319991. 75. 32
59.862 18 BAT 0 124 0 0 1 64 0 0
59.874 18 DL_VALUE 7 1.
59.938 18 GYRO_RATES -88 -1.52989 0.
60.006 18 DESIRED 0. 0.16 0. 0. 0. 700. 0.
60.034 18 NAVIGATION 0 2 0. 0. 0. 0. 0 0
60.066 18 GPS 0 0 0 0 0 0 0 0 0 0 0
60.086 18 IR_SENSORS -31 101 132 70 36
60.118 18 COMMANDS 0,7689,-9600
60.138 18 ATTITUDE 1.210774 0. 1.23524
60.198 18 DOWNLINK_STATUS 60 29906 1348 0 493. 22. 19.67
60.218 18 ACTUATORS 1290,1581,0,1000
60.234 18 ESTIMATOR 0. 0.
60.282 18 NAVIGATION 0 2 0. 0. 0. 0. 0 0
60.314 18 GPS 0 0 0 0 0 0 0 0 0 0 0
60.342 18 WP_MOVED 1 665460. 5319949. 75. 32
60.530 18 NAVIGATION 0 2 0. 0. 0. 0. 0 0
60.566 18 GPS 0 0 0 0 0 0 0 0 0 0 0
60.594 18 NAVIGATION 0 2 0. 0. 0. 0. 0 0
60.638 18 ATTITUDE 1.296375 0. 1.260417
60.650 18 CALIBRATION 0. 0
60.678 18 PONG 
60.734 18 ESTIMATOR 0. 0.
60.758 18 ENERGY 12.4 0. 0 0.
60.782 18 NAVIGATION 0 2 0. 0. 0. 0. 0 0
60.818 18 GPS 0 0 0 0 0 0 0 0 0 0 0
60.842 18 WP_MOVED 2 665509.5 5320029. 75. 32
60.866 18 ALIVE 234,232,121,223,242,64,180,13,219,168,219,104,18,121,95,82
60.942 18 BAT 0 124 0 0 1 65 0 0
60.954 18 PPRZ_MODE 2 0 0 0 0 6
61.018 18 FBW_STATUS 2 0 1 124 0
61.046 18 NAVIGATION 0 2 0. 0. 0. 0. 0 0
61.082 18 GPS 0 0 0 0 0 0 0 0 0 0 0
61.114 18 DESIRED 0. 0.12 0. 0. 0. 700. 0.
61.134 18 GYRO_RATES -93 -1.616816 0.
61.150 18 ATTITUDE 1.185686 0. 1.223375
61.198 18 DOWNLINK_STATUS 61 30443 1373 0 537. 25. 18.77
61.234 18 ESTIMATOR 0. 0.
61.250 18 IR_SENSORS -30 106 136 76 37
61.282 18 NAVIGATION 0 2 0. 0. 0. 0. 0 0
61.314 18 GPS 0 0 0 0 0 0 0 0 0 0 0
61.342 18 WP_MOVED 3 665540. 5320049. 75. 32
61.354 18 DL_VALUE 8 0.
61.438 18 GPS_SOL 0 0 0 0
61.530 18 NAVIGATION 0 2 0. 0. 0. 0. 0 0
61.566 18 WIND_INFO 18 42 0. 0. 0.
61.566 18 GPS 0 0 0 0 0 0 0 0 0 0 0
61.594 18 NAVIGATION 0 2 0. 0. 0. 0. 0 0
61.638 18 ATTITUDE 1.135312 0. 1.206246
61.734 18 ESTIMATOR 0. 0.
61.782 18 NAVIGATION 0 2 0. 0. 0. 0. 0 0
61.814 18 GPS 0 0 0 0 0 0 0 0 0 0 0
61.842 18 WP_MOVED 4 665470.125 5320139. 75. 32
62.030 18 NAVIGATION 0 2 0. 0. 0. 0. 0 0
62.066 18 GPS 0 0 0 0 0 0 0 0 0 0 0
62.086 18 BAT 0 124 0 0 1 67 0 0
62.122 18 DESIRED 0. 0.16 0. 0. 0. 700. 0.
62.142 18 ATTITUDE 1.214287 0. 1.230341
62.158 18 GYRO_RATES -100 -1.738512 0.
62.199 18 DOWNLINK_STATUS 62 30923 1394 0 480. 21. 18.77
62.234 18 ESTIMATOR 0. 0.
62.282 18 NAVIGATION 0 2 0. 0. 0. 0. 0 0
62.314 18 GPS 0 0 0 0 0 0 0 0 0 0 0
62.342 18 WP_MOVED 5 665592.3125 5320088. 75. 32
62.354 18 DOWNLINK 0 508 1516
62.438 18 IR_SENSORS -30 100 130 70 37
62.530 18 NAVIGATION 0 2 0. 0. 0. 0. 0 0
62.566 18 GPS 0 0 0 0 0 0 0 0 0 0 0
62.594 18 NAVIGATION 0 2 0. 0. 0. 0. 0 0
62.638 18 ATTITUDE 1.147386 0. 1.206246
62.734 18 ESTIMATOR 0. 0.
62.746 18 CALIBRATION 0. 0
62.782 18 NAVIGATION 0 2 0. 0. 0. 0. 0 0
62.814 18 GPS 0 0 0 0 0 0 0 0 0 0 0
62.842 18 WP_MOVED 6 665597. 5319937.5 75. 32
62.854 18 DL_VALUE 9 1.
63.018 18 FBW_STATUS 2 0 1 124 0
63.046 18 NAVIGATION 0 2 0. 0. 0. 0. 0 0
63.082 18 GPS 0 0 0 0 0 0 0 0 0 0 0
63.138 18 ATTITUDE 1.223982 0. 1.234935
63.174 18 DESIRED 0. 0.13 0. 0. 0. 700. 0.
63.198 18 BAT 0 124 0 0 1 68 0 0
63.201 18 DOWNLINK_STATUS 63 31406 1416 0 483. 22. 18.77
63.234 18 ESTIMATOR 0. 0.
63.250 18 GYRO_RATES -90 -1.56466 0.
63.274 18 ENERGY 12.4 0. 0 0.
63.298 18 NAVIGATION 0 2 0. 0. 0. 0. 0 0
63.334 18 GPS 0 0 0 0 0 0 0 0 0 0 0
63.354 18 WP_MOVED 7 665340.8125 5320018.5 75. 32
63.438 18 GPS_SOL 0 0 0 0
63.530 18 NAVIGATION 0 2 0. 0. 0. 0. 0 0
63.566 18 GPS 0 0 0 0 0 0 0 0 0 0 0
63.594 18 NAVIGATION 0 2 0. 0. 0. 0. 0 0
63.638 18 ATTITUDE 1.164028 0. 1.217955
63.654 18 IR_SENSORS -29 96 125 67 34
63.734 18 ESTIMATOR 0. 0.
63.782 18 NAVIGATION 0 2 0. 0. 0. 0. 0 0
63.814 18 GPS 0 0 0 0 0 0 0 0 0 0 0
63.842 18 WP_MOVED 8 665734.375 5320238.5 75. 32
64.030 18 NAVIGATION 0 2 0. 0. 0. 0. 0 0
64.066 18 GPS 0 0 0 0 0 0 0 0 0 0 0
64.138 18 ATTITUDE 1.344357 0. 1.28141
64.201 18 DOWNLINK_STATUS 64 31841 1435 0 435. 19. 18.77
64.206 18 DESIRED 0. 0.14 0. 0. 0. 700. 0.
64.234 18 ESTIMATOR 0. 0.
64.254 18 BAT 0 124 0 0 1 69 0 0
64.282 18 NAVIGATION 0 2 0. 0. 0. 0. 0 0
64.318 18 GPS 0 0 0 0 0 0 0 0 0 0 0
64.342 18 WP_MOVED 9 665345.5 5320111.5 75. 32
64.358 18 GYRO_RATES -83 -1.442965 0.
64.370 18 DL_VALUE 10 -0.062832
64.530 18 NAVIGATION 0 2 0. 0. 0. 0. 0 0
64.566 18 GPS 0 0 0 0 0 0 0 0 0 0 0
64.594 18 NAVIGATION 0 2 0. 0. 0. 0. 0 0
64.638 18 ATTITUDE 1.32346 0. 1.274753
64.734 18 ESTIMATOR 0. 0.
64.782 18 NAVIGATION 0 2 0. 0. 0. 0. 0 0
64.814 18 GPS 0 0 0 0 0 0 0 0 0 0 0
64.842 18 WP_MOVED 0 665502. 5319991. 75. 32
64.858 18 IR_SENSORS -20 98 118 78 25
64.870 18 CALIBRATION 0. 0
65.018 18 FBW_STATUS 2 0 1 124 0
65.046 18 NAVIGATION 0 2 0. 0. 0. 0. 0 0
65.078 18 GPS 0 0 0 0 0 0 0 0 0 0 0
65.118 18 COMMANDS 0,7767,-9600
65.138 18 ATTITUDE 1.206047 0. 1.230105
65.202 18 DOWNLINK_STATUS 65 32342 1458 0 501. 23. 18.77
65.218 18 ACTUATORS 1290,1581,0,1000
65.234 18 ESTIMATOR 0. 0.
65.270 18 DESIRED 0. 0.13 0. 0. 0. 700. 0.
65.298 18 NAVIGATION 0 2 0. 0. 0. 0. 0 0
65.334 18 GPS 0 0 0 0 0 0 0 0 0 0 0
65.354 18 WP_MOVED 1 665460. 5319949. 75. 32
65.374 18 BAT 0 124 0 0 1 70 0 0
65.438 18 GYRO_RATES -90 -1.56466 0.
65.454 18 GPS_SOL 0 0 0 0
65.530 18 NAVIGATION 0 2 0. 0. 0. 0. 0 0
65.566 18 GPS 0 0 0 0 0 0 0 0 0 0 0
65.594 18 NAVIGATION 0 2 0. 0. 0. 0. 0 0
65.642 18 ATTITUDE 1.192449 0. 1.227721
65.682 18 PONG 
65.734 18 ESTIMATOR 0. 0.
65.754 18 ENERGY 12.4 0. 0 0.
65.782 18 NAVIGATION 0 2 0. 0. 0. 0. 0 0
65.818 18 GPS 0 0 0 0 0 0 0 0 0 0 0
65.842 18 WP_MOVED 2 665509.5 5320029. 75. 32
65.854 18 DL_VALUE 11 0.087266
65.878 18 ALIVE 234,232,121,223,242,64,180,13,219,168,219,104,18,121,95,82
65.934 18 PPRZ_MODE 2 0 0 0 0 6
66.030 18 NAVIGATION 0 2 0. 0. 0. 0. 0 0
66.066 18 GPS 0 0 0 0 0 0 0 0 0 0 0
66.082 18 IR_SENSORS -28 100 128 72 36
66.138 18 ATTITUDE 1.200428 0. 1.221575
66.203 18 DOWNLINK_STATUS 66 32898 1484 0 556. 26. 21.67
66.234 18 ESTIMATOR 0. 0.
66.282 18 NAVIGATION 0 2 0. 0. 0. 0. 0 0
66.314 18 GPS 0 0 0 0 0 0 0 0 0 0 0
66.350 18 DESIRED 0. 0.16 0. 0. 0. 700. 0.
66.370 18 WP_MOVED 3 665540. 5320049. 75. 32
66.442 18 BAT 0 124 0 0 1 71 0 0
66.530 18 NAVIGATION 0 2 0. 0. 0. 0. 0 0
66.566 18 GPS 0 0 0 0 0 0 0 0 0 0 0
66.594 18 NAVIGATION 0 2 0. 0. 0. 0. 0 0
66.610 18 GYRO_RATES -89 -1.547275 0.
66.638 18 ATTITUDE 1.169981 0. 1.213377
66.734 18 ESTIMATOR 0. 0.
66.782 18 NAVIGATION 0 2 0. 0. 0. 0. 0 0
66.814 18 GPS 0 0 0 0 0 0 0 0 0 0 0
66.842 18 WP_MOVED 4 665470.125 5320139. 75. 32
66.930 18 CALIBRATION 0. 0
67.018 18 FBW_STATUS 2 0 1 124 0
67.046 18 NAVIGATION 0 2 0. 0. 0. 0. 0 0
67.078 18 GPS 0 0 0 0 0 0 0 0 0 0 0
67.138 18 ATTITUDE 1.186108 0. 1.219187
67.204 18 DOWNLINK_STATUS 67 33359 1504 0 461. 20. 21.67
67.234 18 ESTIMATOR 0. 0.
67.250 18 IR_SENSORS -30 104 134 74 34
67.282 18 NAVIGATION 0 2 0. 0. 0. 0. 0 0
67.314 18 GPS 0 0 0 0 0 0 0 0 0 0 0
67.342 18 WP_MOVED 5 665592.3125 5320088. 75. 32
67.378 18 DESIRED 0. 0.12 0. 0. 0. 700. 0.
67.390 18 DL_VALUE 0 700.
67.438 18 GPS_SOL 0 0 0 0
67.450 18 DOWNLINK 0 492 1630
67.530 18 NAVIGATION 0 2 0. 0. 0. 0. 0 0
67.567 18 GPS 0 0 0 0 0 0 0 0 0 0 0
67.594 18 NAVIGATION 0 2 0. 0. 0. 0. 0 0
67.614 18 BAT 0 124 0 0 1 72 0 0
67.638 18 ATTITUDE 1.140577 0. 1.211384
67.654 18 GYRO_RATES -85 -1.477735 0.
67.734 18 ESTIMATOR 0. 0.
67.782 18 NAVIGATION 0 2 0. 0. 0. 0. 0 0
67.814 18 GPS 0 0 0 0 0 0 0 0 0 0 0
67.842 18 WP_MOVED 6 665597. 5319937.5 75. 32
68.030 18 NAVIGATION 0 2 0. 0. 0. 0. 0 0
68.068 18 GPS 0 0 0 0 0 0 0 0 0 0 0
68.138 18 ATTITUDE 1.217816 0. 1.236809
68.154 18 NAVIGATION_REF 665460 5319949 32
68.204 18 DOWNLINK_STATUS 68 33865 1527 0 506. 23. 21.67
68.234 18 ESTIMATOR 0. 0.
68.254 18 ENERGY 12.4 0. 0 0.
68.282 18 NAVIGATION 0 2 0. 0. 0. 0. 0 0
68.318 18 GPS 0 0 0 0 0 0 0 0 0 0 0
68.342 18 WP_MOVED 7 665340.8125 5320018.5 75. 32
68.406 18 DESIRED 0. 0.16 0. 0. 0. 700. 0.
68.438 18 IR_SENSORS -27 100 127 73 34
68.530 18 NAVIGATION 0 2 0. 0. 0. 0. 0 0
68.569 18 GPS 0 0 0 0 0 0 0 0 0 0 0
68.594 18 NAVIGATION 0 2 0. 0. 0. 0. 0 0
68.638 18 ATTITUDE 1.169981 0. 1.213377
68.658 18 BAT 0 124 0 0 1 73 0 0
68.734 18 ESTIMATOR 0. 0.
68.750 18 GYRO_RATES -87 -1.512505 0.
68.782 18 NAVIGATION 0 2 0. 0. 0. 0. 0 0
68.814 18 GPS 0 0 0 0 0 0 0 0 0 0 0
68.842 18 WP_MOVED 8 665734.375 5320238.5 75. 32
68.854 18 DL_VALUE 1 0.
69.018 18 FBW_STATUS 2 0 1 124 0
69.046 18 NAVIGATION 0 2 0. 0. 0. 0. 0 0
69.078 18 GPS 0 0 0 0 0 0 0 0 0 0 0
69.094 18 CALIBRATION 0. 0
69.138 18 ATTITUDE 1.175475 0. 1.211384
69.206 18 DOWNLINK_STATUS 69 34373 1550 0 508. 23. 21.67
69.234 18 ESTIMATOR 0. 0.
69.282 18 NAVIGATION 0 2 0. 0. 0. 0. 0 0
69.314 18 GPS 0 0 0 0 0 0 0 0 0 0 0
69.342 18 WP_MOVED 9 665345.5 5320111.5 75. 32
69.454 18 DESIRED 0. 0.12 0. 0. 0. 700. 0.
69.474 18 GPS_SOL 0 0 0 0
69.530 18 NAVIGATION 0 2 0. 0. 0. 0. 0 0
69.570 18 GPS 0 0 0 0 0 0 0 0 0 0 0
69.594 18 NAVIGATION 0 2 0. 0. 0. 0. 0 0
69.638 18 ATTITUDE 1.187024 0. 1.217955
69.654 18 IR_SENSORS -27 98 125 71 34
69.734 18 ESTIMATOR 0. 0.
69.754 18 BAT 0 124 0 0 1 74 0 0
69.782 18 NAVIGATION 0 2 0. 0. 0. 0. 0 0
69.818 18 GPS 0 0 0 0 0 0 0 0 0 0 0
69.842 18 WP_MOVED 0 665502. 5319991. 75. 32
69.858 18 GYRO_RATES -90 -1.56466 0.
70.030 18 NAVIGATION 0 2 0. 0. 0. 0. 0 0
70.066 18 GPS 0 0 0 0 0 0 0 0 0 0 0
70.118 18 COMMANDS 0,7715,-9600
70.138 18 ATTITUDE 1.271084 0. 1.253625
70.206 18 DOWNLINK_STATUS 70 34855 1571 0 482. 21. 21.67
70.218 18 ACTUATORS 1290,1574,0,1000
70.234 18 ESTIMATOR 0. 0.
70.282 18 NAVIGATION 0 2 0. 0. 0. 0. 0 0
70.314 18 GPS 0 0 0 0 0 0 0 0 0 0 0
70.342 18 WP_MOVED 1 665460. 5319949. 75. 32
70.354 18 DL_VALUE 2 0.
70.506 18 DESIRED 0. 0.15 0. 0. 0. 700. 0.
70.534 18 NAVIGATION 0 2 0. 0. 0. 0. 0 0
70.566 18 GPS 0 0 0 0 0 0 0 0 0 0 0
70.594 18 NAVIGATION 0 2 0. 0. 0. 0. 0 0
70.638 18 ATTITUDE 1.259686 0. 1.254536
70.682 18 PONG 
70.734 18 ESTIMATOR 0. 0.
70.754 18 ENERGY 12.4 0. 0 0.
70.782 18 NAVIGATION 0 2 0. 0. 0. 0. 0 0
70.818 18 GPS 0 0 0 0 0 0 0 0 0 0 0
70.842 18 WP_MOVED 2 665509.5 5320029. 75. 32
70.862 18 BAT 0 124 0 0 1 75 0 0
70.878 18 IR_SENSORS -27 109 136 82 33
70.902 18 ALIVE 234,232,121,223,242,64,180,13,219,168,219,104,18,121,95,82
70.938 18 GYRO_RATES -96 -1.668971 0.
70.950 18 PPRZ_MODE 2 0 0 0 0 6
71.018 18 FBW_STATUS 2 0 1 124 0
71.046 18 NAVIGATION 0 2 0. 0. 0. 0. 0 0
71.078 18 GPS 0 0 0 0 0 0 0 0 0 0 0
71.138 18 ATTITUDE 1.231758 0. 1.235042
71.150 18 CALIBRATION 0. 0
71.206 18 DOWNLINK_STATUS 71 35419 1598 0 564. 27. 20.62
71.234 18 ESTIMATOR 0. 0.
71.282 18 NAVIGATION 0 2 0. 0. 0. 0. 0 0
71.314 18 GPS 0 0 0 0 0 0 0 0 0 0 0
71.342 18 WP_MOVED 3 665540. 5320049. 75. 32
71.438 18 GPS_SOL 0 0 0 0
71.530 18 NAVIGATION 0 2 0. 0. 0. 0. 0 0
71.564 18 WIND_INFO 18 42 0. 0. 0.
71.564 18 GPS 0 0 0 0 0 0 0 0 0 0 0
71.594 18 NAVIGATION 0 2 0. 0. 0. 0. 0 0
71.626 18 DESIRED 0. 0.14 0. 0. 0. 700. 0.
71.646 18 ATTITUDE 1.31583 0. 1.271259
71.734 18 ESTIMATOR 0. 0.
71.782 18 NAVIGATION 0 2 0. 0. 0. 0. 0 0
71.814 18 GPS 0 0 0 0 0 0 0 0 0 0 0
71.842 18 WP_MOVED 4 665470.125 5320139. 75. 32
71.854 18 DL_VALUE 3 0.
71.942 18 BAT 0 124 0 0 1 76 0 0
72.030 18 NAVIGATION 0 2 0. 0. 0. 0. 0 0
72.066 18 GPS 0 0 0 0 0 0 0 0 0 0 0
72.082 18 GYRO_RATES -86 -1.49512 0.
72.098 18 IR_SENSORS -20 98 118 78 24
72.138 18 ATTITUDE 1.364461 0. 1.290829
72.208 18 DOWNLINK_STATUS 72 35899 1619 0 480. 21. 20.62
72.234 18 ESTIMATOR 0. 0.
72.282 18 NAVIGATION 0 2 0. 0. 0. 0. 0 0
72.314 18 GPS 0 0 0 0 0 0 0 0 0 0 0
72.342 18 WP_MOVED 5 665592.3125 5320088. 75. 32
72.530 18 NAVIGATION 0 2 0. 0. 0. 0. 0 0
72.566 18 GPS 0 0 0 0 0 0 0 0 0 0 0
72.594 18 NAVIGATION 0 2 0. 0. 0. 0. 0 0
72.606 18 DOWNLINK 0 499 1744
72.638 18 DESIRED 0. 0.14 0. 0. 0. 700. 0.
72.658 18 ATTITUDE 1.331483 0. 1.281208
72.734 18 ESTIMATOR 0. 0.
72.782 18 NAVIGATION 0 2 0. 0. 0. 0. 0 0
72.814 18 GPS 0 0 0 0 0 0 0 0 0 0 0
72.842 18 WP_MOVED 6 665597. 5319937.5 75. 32
73.018 18 FBW_STATUS 2 0 1 124 0
73.046 18 NAVIGATION 0 2 0. 0. 0. 0. 0 0
73.078 18 GPS 0 0 0 0 0 0 0 0 0 0 0
73.102 18 BAT 0 124 0 0 1 78 0 0
73.138 18 ATTITUDE 1.22721 0. 1.240269
73.154 18 GYRO_RATES -97 -1.686356 0.
73.209 18 DOWNLINK_STATUS 73 36360 1639 0 461. 20. 20.62
73.234 18 ESTIMATOR 0. 0.
73.250 18 IR_SENSORS -28 107 135 79 34
73.262 18 CALIBRATION 0. 0
73.282 18 ENERGY 12.4 0. 0 0.
73.310 18 NAVIGATION 0 2 0. 0. 0. 0. 0 0
73.346 18 GPS 0 0 0 0 0 0 0 0 0 0 0
73.366 18 WP_MOVED 7 665340.8125 5320018.5 75. 32
73.378 18 DL_VALUE 4 80.
73.438 18 GPS_SOL 0 0 0 0
73.530 18 NAVIGATION 0 2 0. 0. 0. 0. 0 0
73.566 18 GPS 0 0 0 0 0 0 0 0 0 0 0
73.594 18 NAVIGATION 0 2 0. 0. 0. 0. 0 0
73.638 18 ATTITUDE 1.214151 0. 1.231212
73.674 18 DESIRED 0. 0.13 0. 0. 0. 700. 0.
73.734 18 ESTIMATOR 0. 0.
73.782 18 NAVIGATION 0 2 0. 0. 0. 0. 0 0
73.814 18 GPS 0 0 0 0 0 0 0 0 0 0 0
73.842 18 WP_MOVED 8 665734.375 5320238.5 75. 32
74.030 18 NAVIGATION 0 2 0. 0. 0. 0. 0 0
74.066 18 GPS 0 0 0 0 0 0 0 0 0 0 0
74.138 18 ATTITUDE 1.320473 0. 1.275408
74.158 18 BAT 0 124 0 0 1 79 0 0
74.210 18 DOWNLINK_STATUS 74 36855 1661 0 495. 22. 20.62
74.234 18 ESTIMATOR 0. 0.
74.250 18 GYRO_RATES -194 -3.372712 0.
74.282 18 NAVIGATION 0 2 0. 0. 0. 0. 0 0
74.314 18 GPS 0 0 0 0 0 0 0 0 0 0 0
74.342 18 WP_MOVED 9 665345.5 5320111.5 75. 32
74.438 18 IR_SENSORS -25 212 237 187 28
74.530 18 NAVIGATION 0 2 0. 0. 0. 0. 0 0
74.566 18 GPS 0 0 0 0 0 0 0 0 0 0 0
74.594 18 NAVIGATION 0 2 0. 0. 0. 0. 0 0
74.638 18 ATTITUDE 1.497857 0. 1.37384
74.706 18 DESIRED 0. 0.16 0. 0. 0. 700. 0.
74.734 18 ESTIMATOR 0. 0.
74.782 18 NAVIGATION 0 2 0. 0. 0. 0. 0 0
74.814 18 GPS 0 0 0 0 0 0 0 0 0 0 0
74.842 18 WP_MOVED 0 665502. 5319991. 75. 32
74.854 18 DL_VALUE 5 2.
75.018 18 FBW_STATUS 2 0 1 124 0
75.046 18 NAVIGATION 0 2 0. 0. 0. 0. 0 0
75.078 18 GPS 0 0 0 0 0 0 0 0 0 0 0
75.118 18 COMMANDS 0,6621,-9600
75.138 18 ATTITUDE 1.520599 0. 1.387932
75.210 18 DOWNLINK_STATUS 75 37325 1682 0 470. 21. 20.62
75.218 18 ACTUATORS 1290,1611,0,1000
75.234 18 ESTIMATOR 0. 0.
75.254 18 BAT 0 124 0 0 1 80 0 0
75.282 18 NAVIGATION 0 2 0. 0. 0. 0. 0 0
75.318 18 GPS 0 0 0 0 0 0 0 0 0 0 0
75.342 18 WP_MOVED 1 665460. 5319949. 75. 32
75.358 18 GYRO_RATES -184 -3.198861 0.
75.370 18 CALIBRATION 0. 0
75.438 18 GPS_SOL 0 0 0 0
75.530 18 NAVIGATION 0 2 0. 0. 0. 0. 0 0
75.566 18 GPS 0 0 0 0 0 0 0 0 0 0 0
75.594 18 NAVIGATION 0 2 0. 0. 0. 0. 0 0
75.638 18 ATTITUDE 1.500345 0. 1.373379
75.654 18 IR_SENSORS -19 198 217 179 24
75.682 18 PONG 
75.734 18 ESTIMATOR 0. 0.
75.770 18 DESIRED 0. 0.16 0. 0. 0. 700. 0.
75.790 18 ENERGY 12.4 0. 0 0.
75.818 18 NAVIGATION 0 2 0. 0. 0. 0. 0 0
75.854 18 GPS 0 0 0 0 0 0 0 0 0 0 0
75.874 18 WP_MOVED 2 665509.5 5320029. 75. 32
75.898 18 ALIVE 234,232,121,223,242,64,180,13,219,168,219,104,18,121,95,82
75.934 18 PPRZ_MODE 2 0 0 0 0 6
76.030 18 NAVIGATION 0 2 0. 0. 0. 0. 0 0
76.066 18 GPS 0 0 0 0 0 0 0 0 0 0 0
76.138 18 ATTITUDE 1.506762 0. 1.378872
76.211 18 DOWNLINK_STATUS 76 37881 1708 0 556. 26. 19.67
76.234 18 ESTIMATOR 0. 0.
76.278 18 NAVIGATION 0 2 0. 0. 0. 0. 0 0
76.314 18 GPS 0 0 0 0 0 0 0 0 0 0 0
76.342 18 WP_MOVED 3 665540. 5320049. 75. 32
76.362 18 BAT 0 124 0 0 1 81 0 0
76.374 18 DL_VALUE 6 0.
76.434 18 GYRO_RATES -207 -3.598719 0.
76.530 18 NAVIGATION 0 2 0. 0. 0. 0. 0 0
76.566 18 GPS 0 0 0 0 0 0 0 0 0 0 0
76.591 18 NAVIGATION 0 2 0. 0. 0. 0. 0 0
76.638 18 ATTITUDE 1.479422 0. 1.360695
76.734 18 ESTIMATOR 0. 0.
76.778 18 NAVIGATION 0 2 0. 0. 0. 0. 0 0
76.814 18 GPS 0 0 0 0 0 0 0 0 0 0 0
76.850 18 DESIRED 0. 0.16 0. 0. 0. 700. 0.
76.870 18 WP_MOVED 4 665470.125 5320139. 75. 32
76.886 18 IR_SENSORS -27 219 246 192 33
77.018 18 FBW_STATUS 2 0 1 124 0
77.046 18 NAVIGATION 0 2 0. 0. 0. 0. 0 0
77.081 18 GPS 0 0 0 0 0 0 0 0 0 0 0
77.138 18 ATTITUDE 1.458362 0. 1.350463
77.154 18 NAVIGATION_REF 665460 5319949 32
77.211 18 DOWNLINK_STATUS 77 38373 1730 0 492. 22. 19.67
77.234 18 ESTIMATOR 0. 0.
77.282 18 NAVIGATION 0 2 0. 0. 0. 0. 0 0
77.314 18 GPS 0 0 0 0 0 0 0 0 0 0 0
77.342 18 WP_MOVED 5 665592.3125 5320088. 75. 32
77.442 18 BAT 0 124 0 0 1 82 0 0
77.458 18 GPS_SOL 0 0 0 0
77.470 18 CALIBRATION 0. 0
77.530 18 NAVIGATION 0 2 0. 0. 0. 0. 0 0
77.566 18 GPS 0 0 0 0 0 0 0 0 0 0 0
77.594 18 NAVIGATION 0 2 0. 0. 0. 0. 0 0
77.610 18 GYRO_RATES -202 -3.511793 0.
77.638 18 ATTITUDE 1.467603 0. 1.355602
77.650 18 DOWNLINK 0 501 1860
77.734 18 ESTIMATOR 0. 0.
77.782 18 NAVIGATION 0 2 0. 0. 0. 0. 0 0
77.814 18 GPS 0 0 0 0 0 0 0 0 0 0 0
77.842 18 WP_MOVED 6 665597. 5319937.5 75. 32
77.878 18 DESIRED 0. 0.15 0. 0. 0. 700. 0.
77.886 18 DL_VALUE 7 1.
78.030 18 NAVIGATION 0 2 0. 0. 0. 0. 0 0
78.066 18 GPS 0 0 0 0 0 0 0 0 0 0 0
78.085 18 IR_SENSORS -25 208 233 183 30
78.138 18 ATTITUDE 1.471895 0. 1.355074
78.213 18 DOWNLINK_STATUS 78 38875 1753 0 502. 23. 19.67
78.234 18 ESTIMATOR 0. 0.
78.254 18 ENERGY 12.4 0. 0 0.
78.282 18 NAVIGATION 0 2 0. 0. 0. 0. 0 0
78.318 18 GPS 0 0 0 0 0 0 0 0 0 0 0
78.342 18 WP_MOVED 7 665340.8125 5320018.5 75. 32
78.530 18 NAVIGATION 0 2 0. 0. 0. 0. 0 0
78.566 18 GPS 0 0 0 0 0 0 0 0 0 0 0
78.594 18 NAVIGATION 0 2 0. 0. 0. 0. 0 0
78.614 18 BAT 0 124 0 0 1 83 0 0
78.638 18 ATTITUDE 1.46848 0. 1.353827
78.654 18 GYRO_RATES -193 -3.355327 0.
78.734 18 ESTIMATOR 0. 0.
78.782 18 NAVIGATION 0 2 0. 0. 0. 0. 0 0
78.814 18 GPS 0 0 0 0 0 0 0 0 0 0 0
78.842 18 WP_MOVED 8 665734.375 5320238.5 75. 32
78.906 18 DESIRED 0. 0.16 0. 0. 0. 700. 0.
79.018 18 FBW_STATUS 2 0 1 124 0
79.046 18 NAVIGATION 0 2 0. 0. 0. 0. 0 0
79.078 18 GPS 0 0 0 0 0 0 0 0 0 0 0
79.138 18 ATTITUDE 1.471055 0. 1.355602
79.214 18 DOWNLINK_STATUS 79 39345 1773 0 470. 20. 19.67
79.234 18 ESTIMATOR 0. 0.
79.250 18 IR_SENSORS -26 211 237 185 31
79.282 18 NAVIGATION 0 2 0. 0. 0. 0. 0 0
79.314 18 GPS 0 0 0 0 0 0 0 0 0 0 0
79.342 18 WP_MOVED 9 665345.5 5320111.5 75. 32
79.354 18 DL_VALUE 8 0.
79.438 18 GPS_SOL 0 0 0 0
79.530 18 NAVIGATION 0 2 0. 0. 0. 0. 0 0
79.566 18 GPS 0 0 0 0 0 0 0 0 0 0 0
79.594 18 NAVIGATION 0 2 0. 0. 0. 0. 0 0
79.602 18 CALIBRATION 0. 0
79.638 18 ATTITUDE 1.470262 0. 1.354933
79.658 18 BAT 0 124 0 0 1 84 0 0
79.734 18 ESTIMATOR 0. 0.
79.750 18 GYRO_RATES -196 -3.407483 0.
79.778 18 NAVIGATION 0 2 0. 0. 0. 0. 0 0
79.814 18 GPS 0 0 0 0 0 0 0 0 0 0 0
79.842 18 WP_MOVED 0 665502. 5319991. 75. 32
79.954 18 DESIRED 0. 0.15 0. 0. 0. 700. 0.
80.030 18 NAVIGATION 0 2 0. 0. 0. 0. 0 0
80.066 18 GPS 0 0 0 0 0 0 0 0 0 0 0
80.118 18 COMMANDS 0,6422,-9600
80.138 18 ATTITUDE 1.484738 0. 1.363573
80.214 18 DOWNLINK_STATUS 80 39849 1796 0 504. 23. 19.67
80.218 18 ACTUATORS 1290,1635,0,1000
80.234 18 ESTIMATOR 0. 0.
80.282 18 NAVIGATION 0 2 0. 0. 0. 0. 0 0
80.314 18 GPS 0 0 0 0 0 0 0 0 0 0 0
80.342 18 WP_MOVED 1 665460. 5319949. 75. 32
80.438 18 IR_SENSORS -21 196 217 175 27
80.530 18 NAVIGATION 0 2 0. 0. 0. 0. 0 0
80.566 18 GPS 0 0 0 0 0 0 0 0 0 0 0
80.594 18 NAVIGATION 0 2 0. 0. 0. 0. 0 0
80.638 18 ATTITUDE 1.482253 0. 1.36196
80.682 18 PONG 
80.734 18 ESTIMATOR 0. 0.
80.754 18 BAT 0 124 0 0 1 85 0 0
80.778 18 ENERGY 12.4 0. 0 0.
80.802 18 NAVIGATION 0 2 0. 0. 0. 0. 0 0
80.838 18 GPS 0 0 0 0 0 0 0 0 0 0 0
80.858 18 WP_MOVED 2 665509.5 5320029. 75. 32
80.874 18 GYRO_RATES -186 -3.233632 0.
80.886 18 DL_VALUE 9 1.
80.910 18 ALIVE 234,232,121,223,242,64,180,13,219,168,219,104,18,121,95,82
80.934 18 PPRZ_MODE 2 0 0 0 0 6
81.006 18 DESIRED 0. 0.16 0. 0. 0. 700. 0.
81.018 18 FBW_STATUS 2 0 1 124 0
81.046 18 NAVIGATION 0 2 0. 0. 0. 0. 0 0
81.082 18 GPS 0 0 0 0 0 0 0 0 0 0 0
81.138 18 ATTITUDE 1.487929 0. 1.363573
81.215 18 DOWNLINK_STATUS 81 40402 1822 0 553. 26. 18.72
81.234 18 ESTIMATOR 0. 0.
81.283 18 NAVIGATION 0 2 0. 0. 0. 0. 0 0
81.314 18 GPS 0 0 0 0 0 0 0 0 0 0 0
81.342 18 WP_MOVED 3 665540. 5320049. 75. 32
81.438 18 GPS_SOL 0 0 0 0
81.530 18 NAVIGATION 0 2 0. 0. 0. 0. 0 0
81.564 18 WIND_INFO 18 42 0. 0. 0.
81.564 18 GPS 0 0 0 0 0 0 0 0 0 0 0
81.594 18 NAVIGATION 0 2 0. 0. 0. 0. 0 0
81.638 18 ATTITUDE 1.467603 0. 1.354543
81.654 18 IR_SENSORS -27 212 239 185 31
81.666 18 CALIBRATION 0. 0
81.734 18 ESTIMATOR 0. 0.
81.778 18 NAVIGATION 0 2 0. 0. 0. 0. 0 0
81.814 18 GPS 0 0 0 0 0 0 0 0 0 0 0
81.842 18 WP_MOVED 4 665470.125 5320139. 75. 32
81.862 18 BAT 0 124 0 0 1 86 0 0
81.934 18 GYRO_RATES -203 -3.529178 0.
82.030 18 NAVIGATION 0 2 0. 0. 0. 0. 0 0
82.066 18 GPS 0 0 0 0 0 0 0 0 0 0 0
82.103 18 DESIRED 0. 0.15 0. 0. 0. 700. 0.
82.138 18 ATTITUDE 1.472728 0. 1.358677
82.216 18 DOWNLINK_STATUS 82 40882 1843 0 480. 21. 18.72
82.234 18 ESTIMATOR 0. 0.
82.278 18 NAVIGATION 0 2 0. 0. 0. 0. 0 0
82.314 18 GPS 0 0 0 0 0 0 0 0 0 0 0
82.342 18 WP_MOVED 5 665592.3125 5320088. 75. 32
82.350 18 DL_VALUE 10 -0.062832
82.530 18 NAVIGATION 0 2 0. 0. 0. 0. 0 0
82.566 18 GPS 0 0 0 0 0 0 0 0 0 0 0
82.594 18 NAVIGATION 0 2 0. 0. 0. 0. 0 0
82.638 18 ATTITUDE 1.469347 0. 1.353467
82.734 18 ESTIMATOR 0. 0.
82.746 18 DOWNLINK 0 484 1971
82.782 18 NAVIGATION 0 2 0. 0. 0. 0. 0 0
82.814 18 GPS 0 0 0 0 0 0 0 0 0 0 0
82.842 18 WP_MOVED 6 665597. 5319937.5 75. 32
82.858 18 IR_SENSORS -26 213 239 187 31
82.942 18 BAT 0 124 0 0 1 87 0 0
83.018 18 FBW_STATUS 2 0 1 124 0
83.046 18 NAVIGATION 0 2 0. 0. 0. 0. 0 0
83.078 18 GPS 0 0 0 0 0 0 0 0 0 0 0
83.094 18 GYRO_RATES -199 -3.459638 0.
83.130 18 DESIRED 0. 0.16 0. 0. 0. 700. 0.
83.150 18 ATTITUDE 1.474367 0. 1.357668
83.217 18 DOWNLINK_STATUS 83 41370 1865 0 488. 22. 18.72
83.234 18 ESTIMATOR 0. 0.
83.254 18 ENERGY 12.4 0. 0 0.
83.282 18 NAVIGATION 0 2 0. 0. 0. 0. 0 0
83.318 18 GPS 0 0 0 0 0 0 0 0 0 0 0
83.342 18 WP_MOVED 7 665340.8125 5320018.5 75. 32
83.438 18 GPS_SOL 0 0 0 0
83.530 18 NAVIGATION 0 2 0. 0. 0. 0. 0 0
83.566 18 GPS 0 0 0 0 0 0 0 0 0 0 0
83.594 18 NAVIGATION 0 2 0. 0. 0. 0. 0 0
83.638 18 ATTITUDE 1.473715 0. 1.358141
83.734 18 ESTIMATOR 0. 0.
83.746 18 CALIBRATION 0. 0
83.778 18 NAVIGATION 0 2 0. 0. 0. 0. 0 0
83.814 18 GPS 0 0 0 0 0 0 0 0 0 0 0
83.842 18 WP_MOVED 8 665734.375 5320238.5 75. 32
83.850 18 DL_VALUE 11 0.087266
84.030 18 NAVIGATION 0 2 0. 0. 0. 0. 0 0
84.066 18 GPS 0 0 0 0 0 0 0 0 0 0 0
84.086 18 BAT 0 124 0 0 1 89 0 0
84.104 18 IR_SENSORS -25 212 237 187 30
84.138 18 ATTITUDE 1.489556 0. 1.369738
84.174 18 DESIRED 0. 0.16 0. 0. 0. 700. 0.
84.190 18 GYRO_RATES -207 -3.598719 0.
84.217 18 DOWNLINK_STATUS 84 41881 1888 0 511. 23. 18.72
84.234 18 ESTIMATOR 0. 0.
84.278 18 NAVIGATION 0 2 0. 0. 0. 0. 0 0
84.314 18 GPS 0 0 0 0 0 0 0 0 0 0 0
84.342 18 WP_MOVED 9 665345.5 5320111.5 75. 32
84.530 18 NAVIGATION 0 2 0. 0. 0. 0. 0 0
84.566 18 GPS 0 0 0 0 0 0 0 0 0 0 0
84.590 18 NAVIGATION 0 2 0. 0. 0. 0. 0 0
84.638 18 ATTITUDE 1.469347 0. 1.354543
84.734 18 ESTIMATOR 0. 0.
84.778 18 NAVIGATION 0 2 0. 0. 0. 0. 0 0
84.814 18 GPS 0 0 0 0 0 0 0 0 0 0 0
84.842 18 WP_MOVED 0 665502. 5319991. 75. 32
85.018 18 FBW_STATUS 2 0 1 124 0
85.046 18 NAVIGATION 0 2 0. 0. 0. 0. 0 0
85.078 18 GPS 0 0 0 0 0 0 0 0 0 0 0
85.118 18 COMMANDS 0,6651,-9600
85.138 18 ATTITUDE 1.473551 0. 1.357158
85.158 18 BAT 0 124 0 0 1 90 0 0
85.206 18 DESIRED 0. 0.16 0. 0. 0. 700. 0.
85.218 18 DOWNLINK_STATUS 85 42328 1907 0 447. 19. 18.72
85.222 18 ACTUATORS 1290,1629,0,1000
85.234 18 ESTIMATOR 0. 0.
85.250 18 GYRO_RATES -203 -3.529178 0.
85.270 18 IR_SENSORS -25 214 239 189 30
85.294 18 NAVIGATION 0 2 0. 0. 0. 0. 0 0
85.330 18 GPS 0 0 0 0 0 0 0 0 0 0 0
85.350 18 WP_MOVED 1 665460. 5319949. 75. 32
85.362 18 DL_VALUE 0 700.
85.438 18 GPS_SOL 0 0 0 0
85.530 18 NAVIGATION 0 2 0. 0. 0. 0. 0 0
85.566 18 GPS 0 0 0 0 0 0 0 0 0 0 0
85.596 18 NAVIGATION 0 2 0. 0. 0. 0. 0 0
85.638 18 ATTITUDE 1.482613 0. 1.362387
85.686 18 PONG 
85.734 18 ESTIMATOR 0. 0.
85.754 18 ENERGY 12.4 0. 0 0.
85.782 18 NAVIGATION 0 2 0. 0. 0. 0. 0 0
85.818 18 GPS 0 0 0 0 0 0 0 0 0 0 0
85.842 18 WP_MOVED 2 665509.5 5320029. 75. 32
85.850 18 CALIBRATION 0. 0
85.874 18 ALIVE 234,232,121,223,242,64,180,13,219,168,219,104,18,121,95,82
85.930 18 PPRZ_MODE 2 0 0 0 0 6
86.030 18 NAVIGATION 0 2 0. 0. 0. 0. 0 0
86.066 18 GPS 0 0 0 0 0 0 0 0 0 0 0
86.138 18 ATTITUDE 1.48655 0. 1.36494
86.154 18 NAVIGATION_REF 665460 5319949 32
86.218 18 DOWNLINK_STATUS 86 42856 1933 0 528. 26. 21.57
86.234 18 ESTIMATOR 0. 0.
86.270 18 DESIRED 0. 0.15 0. 0. 0. 700. 0.
86.290 18 BAT 0 124 0 0 1 91 0 0
86.318 18 NAVIGATION 0 2 0. 0. 0. 0. 0 0
86.354 18 GPS 0 0 0 0 0 0 0 0 0 0 0
86.374 18 WP_MOVED 3 665540. 5320049. 75. 32
86.390 18 GYRO_RATES -195 -3.390098 0.
86.438 18 IR_SENSORS -24 206 230 182 27
86.530 18 NAVIGATION 0 2 0. 0. 0. 0. 0 0
86.566 18 GPS 0 0 0 0 0 0 0 0 0 0 0
86.590 18 NAVIGATION 0 2 0. 0. 0. 0. 0 0
86.638 18 ATTITUDE 1.478461 0. 1.361863
86.734 18 ESTIMATOR 0. 0.
86.778 18 NAVIGATION 0 2 0. 0. 0. 0. 0 0
86.814 18 GPS 0 0 0 0 0 0 0 0 0 0 0
86.842 18 WP_MOVED 4 665470.125 5320139. 75. 32
86.850 18 DL_VALUE 1 0.
87.018 18 FBW_STATUS 2 0 1 124 0
87.046 18 NAVIGATION 0 2 0. 0. 0. 0. 0 0
87.078 18 GPS 0 0 0 0 0 0 0 0 0 0 0
87.138 18 ATTITUDE 1.485779 0. 1.364438
87.219 18 DOWNLINK_STATUS 87 43333 1954 0 477. 21. 21.57
87.234 18 ESTIMATOR 0. 0.
87.278 18 NAVIGATION 0 2 0. 0. 0. 0. 0 0
87.314 18 GPS 0 0 0 0 0 0 0 0 0 0 0
87.350 18 DESIRED 0. 0.16 0. 0. 0. 700. 0.
87.370 18 WP_MOVED 5 665592.3125 5320088. 75. 32
87.390 18 BAT 0 124 0 0 1 92 0 0
87.434 18 GYRO_RATES -192 -3.337942 0.
87.454 18 GPS_SOL 0 0 0 0
87.530 18 NAVIGATION 0 2 0. 0. 0. 0. 0 0
87.566 18 GPS 0 0 0 0 0 0 0 0 0 0 0
87.590 18 NAVIGATION 0 2 0. 0. 0. 0. 0 0
87.638 18 ATTITUDE 1.4818 0. 1.360802
87.654 18 IR_SENSORS -22 205 227 183 28
87.734 18 ESTIMATOR 0. 0.
87.778 18 NAVIGATION 0 2 0. 0. 0. 0. 0 0
87.814 18 GPS 0 0 0 0 0 0 0 0 0 0 0
87.842 18 WP_MOVED 6 665597. 5319937.5 75. 32
87.850 18 DOWNLINK 0 514 2089
87.930 18 CALIBRATION 0. 0
88.030 18 NAVIGATION 0 2 0. 0. 0. 0. 0 0
88.066 18 GPS 0 0 0 0 0 0 0 0 0 0 0
88.138 18 ATTITUDE 1.485 0. 1.36494
88.220 18 DOWNLINK_STATUS 88 43824 1976 0 491. 22. 21.57
88.234 18 ESTIMATOR 0. 0.
88.254 18 ENERGY 12.4 0. 0 0.
88.282 18 NAVIGATION 0 2 0. 0. 0. 0. 0 0
88.318 18 GPS 0 0 0 0 0 0 0 0 0 0 0
88.342 18 WP_MOVED 7 665340.8125 5320018.5 75. 32
88.374 18 DESIRED 0. 0.15 0. 0. 0. 700. 0.
88.386 18 DL_VALUE 2 0.
88.442 18 BAT 0 124 0 0 1 93 0 0
88.530 18 NAVIGATION 0 2 0. 0. 0. 0. 0 0
88.566 18 GPS 0 0 0 0 0 0 0 0 0 0 0
88.591 18 NAVIGATION 0 2 0. 0. 0. 0. 0 0
88.610 18 GYRO_RATES -193 -3.355327 0.
88.638 18 ATTITUDE 1.485549 0. 1.365143
88.734 18 ESTIMATOR 0. 0.
88.778 18 NAVIGATION 0 2 0. 0. 0. 0. 0 0
88.814 18 GPS 0 0 0 0 0 0 0 0 0 0 0
88.842 18 WP_MOVED 8 665734.375 5320238.5 75. 32
88.858 18 IR_SENSORS -21 203 224 182 27
89.018 18 FBW_STATUS 2 0 1 124 0
89.046 18 NAVIGATION 0 2 0. 0. 0. 0. 0 0
89.078 18 GPS 0 0 0 0 0 0 0 0 0 0 0
89.138 18 ATTITUDE 1.502117 0. 1.376643
89.221 18 DOWNLINK_STATUS 89 44321 1998 0 497. 22. 21.57
89.234 18 ESTIMATOR 0. 0.
89.278 18 NAVIGATION 0 2 0. 0. 0. 0. 0 0
89.314 18 GPS 0 0 0 0 0 0 0 0 0 0 0
89.342 18 WP_MOVED 9 665345.5 5320111.5 75. 32
89.407 18 DESIRED 0. 0.16 0. 0. 0. 700. 0.
89.438 18 GPS_SOL 0 0 0 0
89.530 18 NAVIGATION 0 2 0. 0. 0. 0. 0 0
89.566 18 GPS 0 0 0 0 0 0 0 0 0 0 0
89.590 18 NAVIGATION 0 2 0. 0. 0. 0. 0 0
89.614 18 BAT 0 124 0 0 1 94 0 0
89.638 18 ATTITUDE 1.485549 0. 1.365143
89.654 18 GYRO_RATES -192 -3.337942 0.
89.734 18 ESTIMATOR 0. 0.
89.778 18 NAVIGATION 0 2 0. 0. 0. 0. 0 0
89.814 18 GPS 0 0 0 0 0 0 0 0 0 0 0
89.842 18 WP_MOVED 0 665502. 5319991. 75. 32
89.850 18 DL_VALUE 3 0.
90.030 18 NAVIGATION 0 2 0. 0. 0. 0. 0 0
90.066 18 GPS 0 0 0 0 0 0 0 0 0 0 0
90.082 18 IR_SENSORS -18 203 221 185 24
90.094 18 CALIBRATION 0. 0
90.118 18 COMMANDS 0,6773,-9600
90.138 18 ATTITUDE 1.491731 0. 1.367175
90.218 18 ACTUATORS 1290,1618,0,1000
90.221 18 DOWNLINK_STATUS 90 44840 2022 0 519. 24. 21.57
90.234 18 ESTIMATOR 0. 0.
90.280 18 NAVIGATION 0 2 0. 0. 0. 0. 0 0
90.314 18 GPS 0 0 0 0 0 0 0 0 0 0 0
90.342 18 WP_MOVED 1 665460. 5319949. 75. 32
90.454 18 DESIRED 0. 0.16 0. 0. 0. 700. 0.
90.530 18 NAVIGATION 0 2 0. 0. 0. 0. 0 0
90.567 18 GPS 0 0 0 0 0 0 0 0 0 0 0
90.590 18 NAVIGATION 0 2 0. 0. 0. 0. 0 0
90.639 18 ATTITUDE 1.498586 0. 1.372383
90.658 18 BAT 0 124 0 0 1 95 0 0
90.686 18 PONG 
90.734 18 ESTIMATOR 0. 0.
90.750 18 GYRO_RATES -194 -3.372712 0.
90.770 18 ENERGY 12.4 0. 0 0.
90.798 18 NAVIGATION 0 2 0. 0. 0. 0. 0 0
90.834 18 GPS 0 0 0 0 0 0 0 0 0 0 0
90.854 18 WP_MOVED 2 665509.5 5320029. 75. 32
90.878 18 ALIVE 234,232,121,223,242,64,180,13,219,168,219,104,18,121,95,82
90.930 18 PPRZ_MODE 2 0 0 0 0 6
91.018 18 FBW_STATUS 2 0 1 124 0
91.046 18 NAVIGATION 0 2 0. 0. 0. 0. 0 0
91.078 18 GPS 0 0 0 0 0 0 0 0 0 0 0
91.138 18 ATTITUDE 1.50002 0. 1.376185
91.222 18 DOWNLINK_STATUS 91 45351 2045 0 511. 23. 20.69
91.234 18 ESTIMATOR 0. 0.
91.250 18 IR_SENSORS -20 207 227 187 25
91.278 18 NAVIGATION 0 2 0. 0. 0. 0. 0 0
91.314 18 GPS 0 0 0 0 0 0 0 0 0 0 0
91.342 18 WP_MOVED 3 665540. 5320049. 75. 32
91.350 18 DL_VALUE 4 80.
91.438 18 GPS_SOL 0 0 0 0
91.506 18 DESIRED 0. 0.16 0. 0. 0. 700. 0.
91.530 18 NAVIGATION 0 2 0. 0. 0. 0. 0 0
91.566 18 GPS 0 0 0 0 0 0 0 0 0 0 0
91.594 18 NAVIGATION 0 2 0. 0. 0. 0. 0 0
91.638 18 ATTITUDE 1.49712 0. 1.37139
91.734 18 ESTIMATOR 0. 0.
91.754 18 BAT 0 124 0 0 1 96 0 0
91.782 18 NAVIGATION 0 2 0. 0. 0. 0. 0 0
91.818 18 GPS 0 0 0 0 0 0 0 0 0 0 0
91.838 18 WP_MOVED 4 665470.125 5320139. 75. 32
91.858 18 GYRO_RATES -191 -3.320557 0.
92.030 18 NAVIGATION 0 2 0. 0. 0. 0. 0 0
92.066 18 GPS 0 0 0 0 0 0 0 0 0 0 0
92.138 18 ATTITUDE 1.502801 0. 1.375259
92.150 18 CALIBRATION 0. 0
92.223 18 DOWNLINK_STATUS 92 45842 2067 0 491. 22. 20.69
92.234 18 ESTIMATOR 0. 0.
92.278 18 NAVIGATION 0 2 0. 0. 0. 0. 0 0
92.314 18 GPS 0 0 0 0 0 0 0 0 0 0 0
92.342 18 WP_MOVED 5 665592.3125 5320088. 75. 32
92.434 18 IR_SENSORS -20 201 221 181 24
92.530 18 NAVIGATION 0 2 0. 0. 0. 0. 0 0
92.566 18 GPS 0 0 0 0 0 0 0 0 0 0 0
92.590 18 NAVIGATION 0 2 0. 0. 0. 0. 0 0
92.626 18 DESIRED 0. 0.16 0. 0. 0. 700. 0.
92.646 18 ATTITUDE 1.496375 0. 1.370887
92.734 18 ESTIMATOR 0. 0.
92.778 18 NAVIGATION 0 2 0. 0. 0. 0. 0 0
92.814 18 GPS 0 0 0 0 0 0 0 0 0 0 0
92.838 18 WP_MOVED 6 665597. 5319937.5 75. 32
92.862 18 BAT 0 124 0 0 1 97 0 0
92.874 18 DL_VALUE 5 2.
92.934 18 GYRO_RATES -192 -3.337942 0.
92.946 18 DOWNLINK 0 490 2202
