2.332 18 FBW_STATUS 2 0 1 116 0
2.360 18 NAVIGATION 0 2 0. 0. 0. 0. 0 0
2.392 18 GPS 0 0 0 0 0 0 0 0 0 0 0
2.452 18 ATTITUDE 1.392782 0. 1.293031
2.464 18 DOWNLINK 0 483 140
2.520 18 DESIRED 0. 0.14 0. 0. 0. 700. 0.
2.548 18 ESTIMATOR 0. 0.
2.564 18 IR_SENSORS -43 326 369 283 66
2.596 18 NAVIGATION 0 2 0. 0. 0. 0. 0 0
2.628 18 GPS 0 0 0 0 0 0 0 0 0 0 0
2.656 18 WP_MOVED 3 665540. 5320049. 75. 32
2.668 18 DL_VALUE 4 80.
2.752 18 GPS_SOL 0 0 0 0
2.848 18 NAVIGATION 0 2 0. 0. 0. 0. 0 0
2.884 18 GPS 0 0 0 0 0 0 0 0 0 0 0
2.908 18 NAVIGATION 0 2 0. 0. 0. 0. 0 0
2.927 18 BAT 0 116 0 0 1 6 0 0
2.952 18 ATTITUDE 1.413076 0. 1.308858
2.952 18 DOWNLINK_STATUS 3 1529 69 0 544. 25. 0.
2.971 18 GYRO_RATES -305 -5.30246 0.
3.048 18 ESTIMATOR 0. 0.
3.096 18 NAVIGATION 0 2 0. 0. 0. 0. 0 0
3.128 18 GPS 0 0 0 0 0 0 0 0 0 0 0
3.156 18 WP_MOVED 4 665470.125 5320139. 75. 32
3.167 18 CALIBRATION 0. 0
3.344 18 NAVIGATION 0 2 0. 0. 0. 0. 0 0
3.380 18 GPS 0 0 0 0 0 0 0 0 0 0 0
3.452 18 ATTITUDE 1.419123 0. 1.31476
3.548 18 ESTIMATOR 0. 0.
3.584 18 DESIRED 0. 0.15 0. 0. 0. 700. 0.
3.612 18 NAVIGATION 0 2 0. 0. 0. 0. 0 0
3.644 18 GPS 0 0 0 0 0 0 0 0 0 0 0
3.668 18 WP_MOVED 5 665592.3125 5320088. 75. 32
3.752 18 IR_SENSORS -36 319 355 283 66
3.844 18 NAVIGATION 0 2 0. 0. 0. 0. 0 0
3.880 18 GPS 0 0 0 0 0 0 0 0 0 0 0
3.908 18 NAVIGATION 0 2 0. 0. 0. 0. 0 0
3.952 18 ATTITUDE 1.412314 0. 1.309336
3.952 18 DOWNLINK_STATUS 4 1972 88 0 443. 19. 0.
3.972 18 BAT 0 116 0 0 1 7 0 0
4.048 18 ESTIMATOR 0. 0.
4.064 18 GYRO_RATES -294 -5.111224 0.
4.096 18 NAVIGATION 0 2 0. 0. 0. 0. 0 0
4.128 18 GPS 0 0 0 0 0 0 0 0 0 0 0
4.156 18 WP_MOVED 6 665597. 5319937.5 75. 32
4.167 18 DL_VALUE 5 2.
4.332 18 FBW_STATUS 2 0 1 116 0
4.360 18 NAVIGATION 0 2 0. 0. 0. 0. 0 0
4.392 18 GPS 0 0 0 0 0 0 0 0 0 0 0
4.452 18 ATTITUDE 1.411979 0. 1.302671
4.548 18 ESTIMATOR 0. 0.
4.568 18 ENERGY 11.6 0. 0 0.
4.596 18 NAVIGATION 0 2 0. 0. 0. 0. 0 0
4.632 18 GPS 0 0 0 0 0 0 0 0 0 0 0
4.668 18 DESIRED 0. 0.14 0. 0. 0. 700. 0.
4.688 18 WP_MOVED 7 665340.8125 5320018.5 75. 32
4.752 18 GPS_SOL 0 0 0 0
4.844 18 NAVIGATION 0 2 0. 0. 0. 0. 0 0
4.880 18 GPS 0 0 0 0 0 0 0 0 0 0 0
4.908 18 NAVIGATION 0 2 0. 0. 0. 0. 0 0
4.952 18 ATTITUDE 1.404508 0. 1.299713
4.952 18 DOWNLINK_STATUS 5 2470 110 0 498. 22. 0.
4.968 18 IR_SENSORS -36 319 355 283 66
5.048 18 ESTIMATOR 0. 0.
5.068 18 BAT 0 116 0 0 1 8 0 0
5.096 18 NAVIGATION 0 2 0. 0. 0. 0. 0 0
5.132 18 GPS 0 0 0 0 0 0 0 0 0 0 0
5.156 18 WP_MOVED 8 665734.375 5320238.5 75. 32
5.172 18 GYRO_RATES -300 -5.215535 0.
5.244 18 CALIBRATION 0. 0
5.344 18 NAVIGATION 0 2 0. 0. 0. 0. 0 0
5.380 18 GPS 0 0 0 0 0 0 0 0 0 0 0
5.452 18 ATTITUDE 1.425422 0. 1.31656
5.471 18 PONG 
5.548 18 ESTIMATOR 0. 0.
5.596 18 NAVIGATION 0 2 0. 0. 0. 0. 0 0
5.628 18 GPS 0 0 0 0 0 0 0 0 0 0 0
5.656 18 WP_MOVED 9 665345.5 5320111.5 75. 32
5.714 18 DESIRED 0. 0.15 0. 0. 0. 700. 0.
5.714 18 DL_VALUE 6 0.
5.844 18 NAVIGATION 0 2 0. 0. 0. 0. 0 0
5.880 18 GPS 0 0 0 0 0 0 0 0 0 0 0
5.908 18 NAVIGATION 0 2 0. 0. 0. 0. 0 0
5.952 18 ATTITUDE 1.421061 0. 1.314698
5.953 18 DOWNLINK_STATUS 6 2950 132 0 480. 22. 19.75
6.048 18 ESTIMATOR 0. 0.
6.096 18 NAVIGATION 0 2 0. 0. 0. 0. 0 0
6.128 18 GPS 0 0 0 0 0 0 0 0 0 0 0
6.156 18 WP_MOVED 0 665502. 5319991. 75. 32
6.176 18 BAT 0 116 0 0 1 9 0 0
6.192 18 IR_SENSORS -37 317 354 280 60
6.252 18 GYRO_RATES -300 -5.215535 0.
6.332 18 FBW_STATUS 2 0 1 116 0
6.360 18 NAVIGATION 0 2 0. 0. 0. 0. 0 0
6.392 18 GPS 0 0 0 0 0 0 0 0 0 0 0
6.432 18 COMMANDS 0,1372,-9600
6.452 18 ATTITUDE 1.41611 0. 1.311939
6.467 18 NAVIGATION_REF 665460 5319949 32
6.532 18 ACTUATORS 1290,1828,0,1081
6.548 18 ESTIMATOR 0. 0.
6.596 18 NAVIGATION 0 2 0. 0. 0. 0. 0 0
6.628 18 GPS 0 0 0 0 0 0 0 0 0 0 0
6.656 18 WP_MOVED 1 665460. 5319949. 75. 32
6.720 18 DESIRED 0. 0.14 0. 0. 0. 700. 0.
6.752 18 GPS_SOL 0 0 0 0
6.844 18 NAVIGATION 0 2 0. 0. 0. 0. 0 0
6.880 18 GPS 0 0 0 0 0 0 0 0 0 0 0
6.908 18 NAVIGATION 0 2 0. 0. 0. 0. 0 0
6.952 18 ATTITUDE 1.422774 0. 1.310493
6.954 18 DOWNLINK_STATUS 7 3476 156 0 526. 24. 19.75
7.048 18 ESTIMATOR 0. 0.
7.068 18 ENERGY 11.6 0. 0 0.
7.096 18 NAVIGATION 0 2 0. 0. 0. 0. 0 0
7.132 18 GPS 0 0 0 0 0 0 0 0 0 0 0
7.156 18 WP_MOVED 2 665509.5 5320029. 75. 32
7.167 18 DL_VALUE 7 1.
7.192 18 ALIVE 92,104,209,52,136,44,36,237,67,158,184,128,68,163,6,99
7.256 18 BAT 0 116 0 0 1 10 0 0
7.267 18 PPRZ_MODE 2 0 0 0 0 6
7.344 18 NAVIGATION 0 2 0. 0. 0. 0. 0 0
7.380 18 GPS 0 0 0 0 0 0 0 0 0 0 0
7.396 18 GYRO_RATES -305 -5.30246 0.
7.411 18 IR_SENSORS -39 319 358 280 63
7.423 18 CALIBRATION 0. 0
7.452 18 ATTITUDE 1.428662 0. 1.319767
7.548 18 ESTIMATOR 0. 0.
7.560 18 DOWNLINK 0 502 257
7.596 18 NAVIGATION 0 2 0. 0. 0. 0. 0 0
7.628 18 GPS 0 0 0 0 0 0 0 0 0 0 0
7.656 18 WP_MOVED 3 665540. 5320049. 75. 32
7.768 18 DESIRED 0. 0.15 0. 0. 0. 700. 0.
7.844 18 NAVIGATION 0 2 0. 0. 0. 0. 0 0
7.880 18 GPS 0 0 0 0 0 0 0 0 0 0 0
7.908 18 NAVIGATION 0 2 0. 0. 0. 0. 0 0
7.952 18 ATTITUDE 1.423264 0. 1.315167
7.955 18 DOWNLINK_STATUS 8 4016 181 0 540. 25. 19.75
8.048 18 ESTIMATOR 0. 0.
8.096 18 NAVIGATION 0 2 0. 0. 0. 0. 0 0
8.128 18 GPS 0 0 0 0 0 0 0 0 0 0 0
8.156 18 WP_MOVED 4 665470.125 5320139. 75. 32
8.332 18 FBW_STATUS 2 0 1 116 0
8.360 18 NAVIGATION 0 2 0. 0. 0. 0. 0 0
8.392 18 GPS 0 0 0 0 0 0 0 0 0 0 0
8.416 18 BAT 0 116 0 0 1 12 0 0
8.452 18 ATTITUDE 1.419123 0. 1.312889
8.468 18 GYRO_RATES -298 -5.180765 0.
8.548 18 ESTIMATOR 0. 0.
8.564 18 IR_SENSORS -34 321 355 287 64
8.596 18 NAVIGATION 0 2 0. 0. 0. 0. 0 0
8.628 18 GPS 0 0 0 0 0 0 0 0 0 0 0
8.656 18 WP_MOVED 5 665592.3125 5320088. 75. 32
8.667 18 DL_VALUE 8 0.
8.752 18 GPS_SOL 0 0 0 0
8.820 18 DESIRED 0. 0.14 0. 0. 0. 700. 0.
8.848 18 NAVIGATION 0 2 0. 0. 0. 0. 0 0
8.880 18 GPS 0 0 0 0 0 0 0 0 0 0 0
8.908 18 NAVIGATION 0 2 0. 0. 0. 0. 0 0
8.952 18 ATTITUDE 1.422054 0. 1.309023
8.956 18 DOWNLINK_STATUS 9 4510 203 0 494. 22. 19.75
9.048 18 ESTIMATOR 0. 0.
9.096 18 NAVIGATION 0 2 0. 0. 0. 0. 0 0
9.128 18 GPS 0 0 0 0 0 0 0 0 0 0 0
9.156 18 WP_MOVED 6 665597. 5319937.5 75. 32
9.344 18 NAVIGATION 0 2 0. 0. 0. 0. 0 0
9.380 18 GPS 0 0 0 0 0 0 0 0 0 0 0
9.452 18 ATTITUDE 1.415332 0. 1.304435
9.472 18 BAT 0 116 0 0 1 13 0 0
9.484 18 CALIBRATION 0. 0
9.548 18 ESTIMATOR 0. 0.
9.564 18 GYRO_RATES -301 -5.23292 0.
9.588 18 ENERGY 11.6 0. 0 0.
9.612 18 NAVIGATION 0 2 0. 0. 0. 0. 0 0
9.648 18 GPS 0 0 0 0 0 0 0 0 0 0 0
9.668 18 WP_MOVED 7 665340.8125 5320018.5 75. 32
9.752 18 IR_SENSORS -35 317 352 282 58
9.844 18 NAVIGATION 0 2 0. 0. 0. 0. 0 0
9.880 18 GPS 0 0 0 0 0 0 0 0 0 0 0
9.908 18 NAVIGATION 0 2 0. 0. 0. 0. 0 0
9.944 18 DESIRED 0. 0.15 0. 0. 0. 700. 0.
9.957 18 DOWNLINK_STATUS 10 4975 223 0 465. 20. 19.75
9.960 18 ATTITUDE 1.434874 0. 1.322542
10.048 18 ESTIMATOR 0. 0.
10.096 18 NAVIGATION 0 2 0. 0. 0. 0. 0 0
10.128 18 GPS 0 0 0 0 0 0 0 0 0 0 0
10.156 18 WP_MOVED 8 665734.375 5320238.5 75. 32
10.167 18 DL_VALUE 9 0.
10.332 18 FBW_STATUS 2 0 1 116 0
10.360 18 NAVIGATION 0 2 0. 0. 0. 0. 0 0
10.396 18 GPS 0 0 0 0 0 0 0 0 0 0 0
10.452 18 ATTITUDE 1.419567 0. 1.313752
10.471 18 PONG 
10.548 18 ESTIMATOR 0. 0.
10.568 18 BAT 0 116 0 0 1 14 0 0
10.596 18 NAVIGATION 0 2 0. 0. 0. 0. 0 0
10.632 18 GPS 0 0 0 0 0 0 0 0 0 0 0
10.656 18 WP_MOVED 9 665345.5 5320111.5 75. 32
10.703 18 GYRO_RATES -300 -5.215535 0.
10.751 18 GPS_SOL 0 0 0 0
10.844 18 NAVIGATION 0 2 0. 0. 0. 0. 0 0
10.880 18 GPS 0 0 0 0 0 0 0 0 0 0 0
10.908 18 NAVIGATION 0 2 0. 0. 0. 0. 0 0
10.944 18 DESIRED 0. 0.14 0. 0. 0. 700. 0.
10.958 18 DOWNLINK_STATUS 11 5459 245 0 484. 22. 18.73
10.960 18 ATTITUDE 1.422535 0. 1.315634
10.976 18 IR_SENSORS -37 317 354 280 60
11.048 18 ESTIMATOR 0. 0.
11.096 18 NAVIGATION 0 2 0. 0. 0. 0. 0 0
11.128 18 GPS 0 0 0 0 0 0 0 0 0 0 0
11.156 18 WP_MOVED 0 665502. 5319991. 75. 32
11.344 18 NAVIGATION 0 2 0. 0. 0. 0. 0 0
11.380 18 GPS 0 0 0 0 0 0 0 0 0 0 0
11.431 18 COMMANDS 0,1295,-9600
11.452 18 ATTITUDE 1.422774 0. 1.309515
11.532 18 ACTUATORS 1290,1831,0,1084
11.548 18 ESTIMATOR 0. 0.
11.559 18 CALIBRATION 0. 0
11.596 18 NAVIGATION 0 2 0. 0. 0. 0. 0 0
11.628 18 GPS 0 0 0 0 0 0 0 0 0 0 0
11.656 18 WP_MOVED 1 665460. 5319949. 75. 32
11.676 18 BAT 0 116 0 0 1 15 0 0
11.687 18 DL_VALUE 10 -0.062832
11.752 18 GYRO_RATES -296 -5.145994 0.
11.844 18 NAVIGATION 0 2 0. 0. 0. 0. 0 0
11.880 18 GPS 0 0 0 0 0 0 0 0 0 0 0
11.908 18 NAVIGATION 0 2 0. 0. 0. 0. 0 0
11.952 18 ATTITUDE 1.438991 0. 1.32544
11.959 18 DOWNLINK_STATUS 12 5945 268 0 486. 23. 18.73
11.988 18 DESIRED 0. 0.15 0. 0. 0. 700. 0.
12.048 18 ESTIMATOR 0. 0.
12.068 18 ENERGY 11.6 0. 0 0.
12.096 18 NAVIGATION 0 2 0. 0. 0. 0. 0 0
12.132 18 GPS 0 0 0 0 0 0 0 0 0 0 0
12.156 18 WP_MOVED 2 665509.5 5320029. 75. 32
12.171 18 IR_SENSORS -32 315 347 283 63
12.196 18 ALIVE 92,104,209,52,136,44,36,237,67,158,184,128,68,163,6,99
12.248 18 PPRZ_MODE 2 0 0 0 0 6
12.332 18 FBW_STATUS 2 0 1 116 0
12.360 18 NAVIGATION 0 2 0. 0. 0. 0. 0 0
12.392 18 GPS 0 0 0 0 0 0 0 0 0 0 0
12.452 18 ATTITUDE 1.433497 0. 1.320719
12.548 18 ESTIMATOR 0. 0.
12.596 18 NAVIGATION 0 2 0. 0. 0. 0. 0 0
12.628 18 GPS 0 0 0 0 0 0 0 0 0 0 0
12.656 18 WP_MOVED 3 665540. 5320049. 75. 32
12.667 18 DOWNLINK 0 497 370
12.756 18 BAT 0 116 0 0 1 16 0 0
12.771 18 GPS_SOL 0 0 0 0
12.844 18 NAVIGATION 0 2 0. 0. 0. 0. 0 0
12.871 18 WIND_INFO 18 42 0. 0. 0.
12.880 18 GPS 0 0 0 0 0 0 0 0 0 0 0
12.908 18 NAVIGATION 0 2 0. 0. 0. 0. 0 0
12.924 18 GYRO_RATES -301 -5.23292 0.
12.952 18 ATTITUDE 1.421061 0. 1.314698
12.960 18 DOWNLINK_STATUS 13 6494 293 0 549. 25. 18.73
13.020 18 DESIRED 0. 0.14 0. 0. 0. 700. 0.
13.048 18 ESTIMATOR 0. 0.
13.096 18 NAVIGATION 0 2 0. 0. 0. 0. 0 0
13.128 18 GPS 0 0 0 0 0 0 0 0 0 0 0
13.156 18 WP_MOVED 4 665470.125 5320139. 75. 32
13.167 18 DL_VALUE 11 0.087266
13.344 18 NAVIGATION 0 2 0. 0. 0. 0. 0 0
13.380 18 GPS 0 0 0 0 0 0 0 0 0 0 0
13.395 18 IR_SENSORS -34 319 353 285 66
13.452 18 ATTITUDE 1.422054 0. 1.309023
13.548 18 ESTIMATOR 0. 0.
13.596 18 NAVIGATION 0 2 0. 0. 0. 0. 0 0
13.628 18 GPS 0 0 0 0 0 0 0 0 0 0 0
13.656 18 WP_MOVED 5 665592.3125 5320088. 75. 32
13.667 18 CALIBRATION 0. 0
13.844 18 NAVIGATION 0 2 0. 0. 0. 0. 0 0
13.880 18 GPS 0 0 0 0 0 0 0 0 0 0 0
13.908 18 NAVIGATION 0 2 0. 0. 0. 0. 0 0
13.928 18 BAT 0 116 0 0 1 17 0 0
13.952 18 ATTITUDE 1.415332 0. 1.303422
13.961 18 DOWNLINK_STATUS 14 6952 313 0 458. 20. 18.73
13.968 18 GYRO_RATES -300 -5.215535 0.
14.048 18 ESTIMATOR 0. 0.
14.084 18 DESIRED 0. 0.15 0. 0. 0. 700. 0.
14.112 18 NAVIGATION 0 2 0. 0. 0. 0. 0 0
14.144 18 GPS 0 0 0 0 0 0 0 0 0 0 0
14.168 18 WP_MOVED 6 665597. 5319937.5 75. 32
14.332 18 FBW_STATUS 2 0 1 116 0
14.360 18 NAVIGATION 0 2 0. 0. 0. 0. 0 0
14.392 18 GPS 0 0 0 0 0 0 0 0 0 0 0
14.452 18 ATTITUDE 1.433497 0. 1.320719
14.548 18 ESTIMATOR 0. 0.
14.563 18 IR_SENSORS -36 318 354 282 60
14.584 18 ENERGY 11.6 0. 0 0.
14.612 18 NAVIGATION 0 2 0. 0. 0. 0. 0 0
14.648 18 GPS 0 0 0 0 0 0 0 0 0 0 0
14.668 18 WP_MOVED 7 665340.8125 5320018.5 75. 32
14.679 18 DL_VALUE 0 700.
14.752 18 GPS_SOL 0 0 0 0
14.844 18 NAVIGATION 0 2 0. 0. 0. 0. 0 0
14.880 18 GPS 0 0 0 0 0 0 0 0 0 0 0
14.908 18 NAVIGATION 0 2 0. 0. 0. 0. 0 0
14.952 18 ATTITUDE 1.438991 0. 1.32544
14.962 18 DOWNLINK_STATUS 15 7446 335 0 494. 22. 18.73
14.972 18 BAT 0 116 0 0 1 18 0 0
15.048 18 ESTIMATOR 0. 0.
15.064 18 GYRO_RATES -291 -5.059069 0.
15.096 18 NAVIGATION 0 2 0. 0. 0. 0. 0 0
15.128 18 GPS 0 0 0 0 0 0 0 0 0 0 0
15.164 18 DESIRED 0. 0.14 0. 0. 0. 700. 0.
15.184 18 WP_MOVED 8 665734.375 5320238.5 75. 32
15.344 18 NAVIGATION 0 2 0. 0. 0. 0. 0 0
15.380 18 GPS 0 0 0 0 0 0 0 0 0 0 0
15.452 18 ATTITUDE 1.427945 0. 1.318381
15.467 18 NAVIGATION_REF 665460 5319949 32
15.475 18 PONG 
15.548 18 ESTIMATOR 0. 0.
15.596 18 NAVIGATION 0 2 0. 0. 0. 0. 0 0
15.628 18 GPS 0 0 0 0 0 0 0 0 0 0 0
15.656 18 WP_MOVED 9 665345.5 5320111.5 75. 32
15.752 18 IR_SENSORS -31 315 346 284 61
15.760 18 CALIBRATION 0. 0
15.844 18 NAVIGATION 0 2 0. 0. 0. 0. 0 0
15.880 18 GPS 0 0 0 0 0 0 0 0 0 0 0
15.904 18 NAVIGATION 0 2 0. 0. 0. 0. 0 0
15.952 18 ATTITUDE 1.421329 0. 1.308527
15.962 18 DOWNLINK_STATUS 16 7930 357 0 484. 22. 21.56
16.048 18 ESTIMATOR 0. 0.
16.068 18 BAT 0 116 0 0 1 19 0 0
16.096 18 NAVIGATION 0 2 0. 0. 0. 0. 0 0
16.132 18 GPS 0 0 0 0 0 0 0 0 0 0 0
16.152 18 WP_MOVED 0 665502. 5319991. 75. 32
16.188 18 DESIRED 0. 0.15 0. 0. 0. 700. 0.
16.208 18 GYRO_RATES -297 -5.163379 0.
16.216 18 DL_VALUE 1 0.
16.332 18 FBW_STATUS 2 0 1 116 0
16.360 18 NAVIGATION 0 2 0. 0. 0. 0. 0 0
16.392 18 GPS 0 0 0 0 0 0 0 0 0 0 0
16.432 18 COMMANDS 0,1348,-9600
16.452 18 ATTITUDE 1.422774 0. 1.309515
16.532 18 ACTUATORS 1290,1828,0,1081
16.547 18 ESTIMATOR 0. 0.
16.592 18 NAVIGATION 0 2 0. 0. 0. 0. 0 0
16.628 18 GPS 0 0 0 0 0 0 0 0 0 0 0
16.656 18 WP_MOVED 1 665460. 5319949. 75. 32
16.752 18 GPS_SOL 0 0 0 0
16.844 18 NAVIGATION 0 2 0. 0. 0. 0. 0 0
16.880 18 GPS 0 0 0 0 0 0 0 0 0 0 0
16.904 18 NAVIGATION 0 2 0. 0. 0. 0. 0 0
16.952 18 ATTITUDE 1.442444 0. 1.327377
16.963 18 DOWNLINK_STATUS 17 8436 380 0 506. 23. 21.56
16.967 18 IR_SENSORS -32 311 343 279 54
17.048 18 ESTIMATOR 0. 0.
17.068 18 ENERGY 11.6 0. 0 0.
17.096 18 NAVIGATION 0 2 0. 0. 0. 0. 0 0
17.132 18 GPS 0 0 0 0 0 0 0 0 0 0 0
17.156 18 WP_MOVED 2 665509.5 5320029. 75. 32
17.176 18 BAT 0 116 0 0 1 20 0 0
17.200 18 ALIVE 92,104,209,52,136,44,36,237,67,158,184,128,68,163,6,99
17.236 18 DESIRED 0. 0.14 0. 0. 0. 700. 0.
17.252 18 GYRO_RATES -297 -5.163379 0.
17.263 18 PPRZ_MODE 2 0 0 0 0 6
17.344 18 NAVIGATION 0 2 0. 0. 0. 0. 0 0
17.380 18 GPS 0 0 0 0 0 0 0 0 0 0 0
17.452 18 ATTITUDE 1.438309 0. 1.324988
17.548 18 ESTIMATOR 0. 0.
17.592 18 NAVIGATION 0 2 0. 0. 0. 0. 0 0
17.628 18 GPS 0 0 0 0 0 0 0 0 0 0 0
17.656 18 WP_MOVED 3 665540. 5320049. 75. 32
17.664 18 DL_VALUE 2 0.
17.744 18 DOWNLINK 0 494 484
17.844 18 NAVIGATION 0 2 0. 0. 0. 0. 0 0
17.880 18 GPS 0 0 0 0 0 0 0 0 0 0 0
17.908 18 NAVIGATION 0 2 0. 0. 0. 0. 0 0
17.916 18 CALIBRATION 0. 0
17.952 18 ATTITUDE 1.433497 0. 1.320719
17.963 18 DOWNLINK_STATUS 18 8976 405 0 540. 25. 21.56
18.048 18 ESTIMATOR 0. 0.
18.092 18 NAVIGATION 0 2 0. 0. 0. 0. 0 0
18.128 18 GPS 0 0 0 0 0 0 0 0 0 0 0
18.156 18 WP_MOVED 4 665470.125 5320139. 75. 32
18.171 18 IR_SENSORS -33 309 342 276 55
18.268 18 DESIRED 0. 0.15 0. 0. 0. 700. 0.
18.288 18 BAT 0 116 0 0 1 21 0 0
18.332 18 FBW_STATUS 2 0 1 116 0
18.360 18 NAVIGATION 0 2 0. 0. 0. 0. 0 0
18.392 18 GPS 0 0 0 0 0 0 0 0 0 0 0
18.408 18 GYRO_RATES -299 -5.19815 0.
18.452 18 ATTITUDE 1.422535 0. 1.307845
18.548 18 ESTIMATOR 0. 0.
18.592 18 NAVIGATION 0 2 0. 0. 0. 0. 0 0
18.628 18 GPS 0 0 0 0 0 0 0 0 0 0 0
18.656 18 WP_MOVED 5 665592.3125 5320088. 75. 32
18.752 18 GPS_SOL 0 0 0 0
18.844 18 NAVIGATION 0 2 0. 0. 0. 0. 0 0
18.880 18 GPS 0 0 0 0 0 0 0 0 0 0 0
18.904 18 NAVIGATION 0 2 0. 0. 0. 0. 0 0
18.952 18 ATTITUDE 1.454088 0. 1.33507
18.964 18 DOWNLINK_STATUS 19 9459 426 0 483. 21. 21.56
19.048 18 ESTIMATOR 0. 0.
19.092 18 NAVIGATION 0 2 0. 0. 0. 0. 0 0
19.128 18 GPS 0 0 0 0 0 0 0 0 0 0 0
19.156 18 WP_MOVED 6 665597. 5319937.5 75. 32
19.164 18 DL_VALUE 3 0.
19.322 18 DESIRED 0. 0.14 0. 0. 0. 700. 0.
19.348 18 NAVIGATION 0 2 0. 0. 0. 0. 0 0
19.380 18 GPS 0 0 0 0 0 0 0 0 0 0 0
19.400 18 BAT 0 116 0 0 1 23 0 0
19.419 18 IR_SENSORS -34 313 347 279 57
19.452 18 ATTITUDE 1.450645 0. 1.332203
19.468 18 GYRO_RATES -292 -5.076454 0.
19.548 18 ESTIMATOR 0. 0.
19.568 18 ENERGY 11.6 0. 0 0.
19.596 18 NAVIGATION 0 2 0. 0. 0. 0. 0 0
19.632 18 GPS 0 0 0 0 0 0 0 0 0 0 0
19.656 18 WP_MOVED 7 665340.8125 5320018.5 75. 32
19.844 18 NAVIGATION 0 2 0. 0. 0. 0. 0 0
19.880 18 GPS 0 0 0 0 0 0 0 0 0 0 0
19.908 18 NAVIGATION 0 2 0. 0. 0. 0. 0 0
19.952 18 ATTITUDE 1.448715 0. 1.330881
19.963 18 CALIBRATION 0. 0
19.965 18 DOWNLINK_STATUS 20 9953 448 0 494. 22. 21.56
20.048 18 ESTIMATOR 0. 0.
20.092 18 NAVIGATION 0 2 0. 0. 0. 0. 0 0
20.128 18 GPS 0 0 0 0 0 0 0 0 0 0 0
20.156 18 WP_MOVED 8 665734.375 5320238.5 75. 32
20.332 18 FBW_STATUS 2 0 1 116 0
20.360 18 NAVIGATION 0 2 0. 0. 0. 0. 0 0
20.392 18 GPS 0 0 0 0 0 0 0 0 0 0 0
20.428 18 DESIRED 0. 0.15 0. 0. 0. 700. 0.
20.452 18 ATTITUDE 1.44573 0. 1.322291
20.472 18 BAT 0 116 0 0 1 24 0 0
20.479 18 PONG 
20.548 18 ESTIMATOR 0. 0.
20.564 18 GYRO_RATES -296 -5.145994 0.
20.580 18 IR_SENSORS -28 310 338 282 51
20.608 18 NAVIGATION 0 2 0. 0. 0. 0. 0 0
20.644 18 GPS 0 0 0 0 0 0 0 0 0 0 0
20.664 18 WP_MOVED 9 665345.5 5320111.5 75. 32
20.675 18 DL_VALUE 4 80.
20.752 18 GPS_SOL 0 0 0 0
20.844 18 NAVIGATION 0 2 0. 0. 0. 0. 0 0
20.888 18 GPS 0 0 0 0 0 0 0 0 0 0 0
20.904 18 NAVIGATION 0 2 0. 0. 0. 0. 0 0
20.952 18 ATTITUDE 1.441675 0. 1.320802
20.966 18 DOWNLINK_STATUS 21 10453 471 0 500. 23. 24.59
21.048 18 ESTIMATOR 0. 0.
21.092 18 NAVIGATION 0 2 0. 0. 0. 0. 0 0
21.128 18 GPS 0 0 0 0 0 0 0 0 0 0 0
21.156 18 WP_MOVED 0 665502. 5319991. 75. 32
21.344 18 NAVIGATION 0 2 0. 0. 0. 0. 0 0
21.380 18 GPS 0 0 0 0 0 0 0 0 0 0 0
21.420 18 DESIRED 0. 0.14 0. 0. 0. 700. 0.
21.432 18 COMMANDS 0,1529,-9600
21.452 18 ATTITUDE 1.460382 0. 1.337862
21.532 18 ACTUATORS 1290,1811,0,1062
21.547 18 ESTIMATOR 0. 0.
21.568 18 BAT 0 116 0 0 1 25 0 0
21.596 18 NAVIGATION 0 2 0. 0. 0. 0. 0 0
21.632 18 GPS 0 0 0 0 0 0 0 0 0 0 0
21.656 18 WP_MOVED 1 665460. 5319949. 75. 32
21.672 18 GYRO_RATES -290 -5.041684 0.
21.752 18 IR_SENSORS -28 305 333 277 51
21.844 18 NAVIGATION 0 2 0. 0. 0. 0. 0 0
21.880 18 GPS 0 0 0 0 0 0 0 0 0 0 0
21.908 18 NAVIGATION 0 2 0. 0. 0. 0. 0 0
21.952 18 ATTITUDE 1.460382 0. 1.338717
21.967 18 DOWNLINK_STATUS 22 10933 492 0 480. 21. 24.59
22.048 18 ESTIMATOR 0. 0.
22.060 18 CALIBRATION 0. 0
22.080 18 ENERGY 11.6 0. 0 0.
22.108 18 NAVIGATION 0 2 0. 0. 0. 0. 0 0
22.140 18 GPS 0 0 0 0 0 0 0 0 0 0 0
22.164 18 WP_MOVED 2 665509.5 5320029. 75. 32
22.175 18 DL_VALUE 5 2.
22.200 18 ALIVE 92,104,209,52,136,44,36,237,67,158,184,128,68,163,6,99
22.244 18 PPRZ_MODE 2 0 0 0 0 6
22.332 18 FBW_STATUS 2 0 1 116 0
22.360 18 NAVIGATION 0 2 0. 0. 0. 0. 0 0
22.392 18 GPS 0 0 0 0 0 0 0 0 0 0 0
22.452 18 ATTITUDE 1.452192 0. 1.332006
22.488 18 DESIRED 0. 0.15 0. 0. 0. 700. 0.
22.548 18 ESTIMATOR 0. 0.
22.592 18 NAVIGATION 0 2 0. 0. 0. 0. 0 0
22.628 18 GPS 0 0 0 0 0 0 0 0 0 0 0
22.656 18 WP_MOVED 3 665540. 5320049. 75. 32
22.676 18 BAT 0 116 0 0 1 26 0 0
22.748 18 GYRO_RATES -288 -5.006913 0.
22.767 18 GPS_SOL 0 0 0 0
22.844 18 NAVIGATION 0 2 0. 0. 0. 0. 0 0
22.872 18 WIND_INFO 18 42 0. 0. 0.
22.880 18 GPS 0 0 0 0 0 0 0 0 0 0 0
22.904 18 NAVIGATION 0 2 0. 0. 0. 0. 0 0
22.916 18 DOWNLINK 0 511 601
22.952 18 ATTITUDE 1.45346 0. 1.328346
22.967 18 IR_SENSORS -23 303 326 280 51
22.968 18 DOWNLINK_STATUS 23 11504 519 0 571. 27. 24.59
23.048 18 ESTIMATOR 0. 0.
23.092 18 NAVIGATION 0 2 0. 0. 0. 0. 0 0
23.128 18 GPS 0 0 0 0 0 0 0 0 0 0 0
23.156 18 WP_MOVED 4 665470.125 5320139. 75. 32
23.344 18 NAVIGATION 0 2 0. 0. 0. 0. 0 0
23.380 18 GPS 0 0 0 0 0 0 0 0 0 0 0
23.452 18 ATTITUDE 1.474834 0. 1.346774
23.520 18 DESIRED 0. 0.14 0. 0. 0. 700. 0.
23.548 18 ESTIMATOR 0. 0.
23.592 18 NAVIGATION 0 2 0. 0. 0. 0. 0 0
23.628 18 GPS 0 0 0 0 0 0 0 0 0 0 0
23.656 18 WP_MOVED 5 665592.3125 5320088. 75. 32
23.664 18 DL_VALUE 6 0.
23.756 18 BAT 0 116 0 0 1 27 0 0
23.844 18 NAVIGATION 0 2 0. 0. 0. 0. 0 0
23.880 18 GPS 0 0 0 0 0 0 0 0 0 0 0
23.904 18 NAVIGATION 0 2 0. 0. 0. 0. 0 0
23.924 18 GYRO_RATES -290 -5.041684 0.
23.952 18 ATTITUDE 1.471366 0. 1.345441
23.968 18 DOWNLINK_STATUS 24 11951 538 0 447. 19. 24.59
24.048 18 ESTIMATOR 0. 0.
24.092 18 NAVIGATION 0 2 0. 0. 0. 0. 0 0
24.128 18 GPS 0 0 0 0 0 0 0 0 0 0 0
24.156 18 WP_MOVED 6 665597. 5319937.5 75. 32
24.171 18 IR_SENSORS -22 301 323 279 43
24.183 18 CALIBRATION 0. 0
24.332 18 FBW_STATUS 2 0 1 116 0
24.360 18 NAVIGATION 0 2 0. 0. 0. 0. 0 0
24.392 18 GPS 0 0 0 0 0 0 0 0 0 0 0
24.452 18 ATTITUDE 1.469646 0. 1.344195
24.467 18 NAVIGATION_REF 665460 5319949 32
24.548 18 ESTIMATOR 0. 0.
24.584 18 DESIRED 0. 0.15 0. 0. 0. 700. 0.
24.604 18 ENERGY 11.6 0. 0 0.
24.632 18 NAVIGATION 0 2 0. 0. 0. 0. 0 0
24.664 18 GPS 0 0 0 0 0 0 0 0 0 0 0
24.688 18 WP_MOVED 7 665340.8125 5320018.5 75. 32
24.752 18 GPS_SOL 0 0 0 0
24.844 18 NAVIGATION 0 2 0. 0. 0. 0. 0 0
24.880 18 GPS 0 0 0 0 0 0 0 0 0 0 0
24.904 18 NAVIGATION 0 2 0. 0. 0. 0. 0 0
24.928 18 BAT 0 116 0 0 1 28 0 0
24.952 18 ATTITUDE 1.471366 0. 1.341197
24.968 18 GYRO_RATES -281 -4.885218 0.
24.969 18 DOWNLINK_STATUS 25 12480 562 0 529. 24. 24.59
25.048 18 ESTIMATOR 0. 0.
25.092 18 NAVIGATION 0 2 0. 0. 0. 0. 0 0
25.128 18 GPS 0 0 0 0 0 0 0 0 0 0 0
25.156 18 WP_MOVED 8 665734.375 5320238.5 75. 32
25.164 18 DL_VALUE 7 1.
25.344 18 NAVIGATION 0 2 0. 0. 0. 0. 0 0
25.380 18 GPS 0 0 0 0 0 0 0 0 0 0 0
25.395 18 IR_SENSORS -22 304 326 282 43
25.452 18 ATTITUDE 1.465031 0. 1.335551
25.475 18 PONG 
25.548 18 ESTIMATOR 0. 0.
25.592 18 NAVIGATION 0 2 0. 0. 0. 0. 0 0
25.628 18 GPS 0 0 0 0 0 0 0 0 0 0 0
25.664 18 DESIRED 0. 0.14 0. 0. 0. 700. 0.
25.684 18 WP_MOVED 9 665345.5 5320111.5 75. 32
25.844 18 NAVIGATION 0 2 0. 0. 0. 0. 0 0
25.880 18 GPS 0 0 0 0 0 0 0 0 0 0 0
25.904 18 NAVIGATION 0 2 0. 0. 0. 0. 0 0
25.952 18 ATTITUDE 1.490215 0. 1.35801
25.970 18 DOWNLINK_STATUS 26 12913 581 0 433. 19. 19.67
25.972 18 BAT 0 116 0 0 1 29 0 0
26.048 18 ESTIMATOR 0. 0.
26.064 18 GYRO_RATES -278 -4.833062 0.
26.092 18 NAVIGATION 0 2 0. 0. 0. 0. 0 0
26.128 18 GPS 0 0 0 0 0 0 0 0 0 0 0
26.152 18 WP_MOVED 0 665502. 5319991. 75. 32
26.243 18 CALIBRATION 0. 0
26.332 18 FBW_STATUS 2 0 1 116 0
26.360 18 NAVIGATION 0 2 0. 0. 0. 0. 0 0
26.392 18 GPS 0 0 0 0 0 0 0 0 0 0 0
26.432 18 COMMANDS 0,2027,-9600
26.452 18 ATTITUDE 1.48315 0. 1.353428
26.532 18 ACTUATORS 1290,1796,0,1046
26.548 18 ESTIMATOR 0. 0.
26.563 18 IR_SENSORS -22 307 329 285 43
26.592 18 NAVIGATION 0 2 0. 0. 0. 0. 0 0
26.628 18 GPS 0 0 0 0 0 0 0 0 0 0 0
26.652 18 WP_MOVED 1 665460. 5319949. 75. 32
26.688 18 DESIRED 0. 0.16 0. 0. 0. 700. 0.
26.699 18 DL_VALUE 8 0.
26.751 18 GPS_SOL 0 0 0 0
26.844 18 NAVIGATION 0 2 0. 0. 0. 0. 0 0
26.880 18 GPS 0 0 0 0 0 0 0 0 0 0 0
26.904 18 NAVIGATION 0 2 0. 0. 0. 0. 0 0
26.952 18 ATTITUDE 1.484213 0. 1.353428
26.970 18 DOWNLINK_STATUS 27 13446 606 0 533. 25. 19.67
27.048 18 ESTIMATOR 0. 0.
27.068 18 BAT 0 116 0 0 1 30 0 0
27.088 18 ENERGY 11.6 0. 0 0.
27.116 18 NAVIGATION 0 2 0. 0. 0. 0. 0 0
27.152 18 GPS 0 0 0 0 0 0 0 0 0 0 0
27.172 18 WP_MOVED 2 665509.5 5320029. 75. 32
27.188 18 GYRO_RATES -281 -4.885218 0.
27.212 18 ALIVE 92,104,209,52,136,44,36,237,67,158,184,128,68,163,6,99
27.244 18 PPRZ_MODE 2 0 0 0 0 6
27.344 18 NAVIGATION 0 2 0. 0. 0. 0. 0 0
27.380 18 GPS 0 0 0 0 0 0 0 0 0 0 0
27.452 18 ATTITUDE 1.483683 0. 1.349719
27.548 18 ESTIMATOR 0. 0.
27.592 18 NAVIGATION 0 2 0. 0. 0. 0. 0 0
27.628 18 GPS 0 0 0 0 0 0 0 0 0 0 0
27.652 18 WP_MOVED 3 665540. 5320049. 75. 32
27.720 18 DESIRED 0. 0.13 0. 0. 0. 700. 0.
27.748 18 IR_SENSORS -17 295 312 278 37
27.844 18 NAVIGATION 0 2 0. 0. 0. 0. 0 0
27.880 18 GPS 0 0 0 0 0 0 0 0 0 0 0
27.904 18 NAVIGATION 0 2 0. 0. 0. 0. 0 0
27.952 18 ATTITUDE 1.480168 0. 1.346572
27.963 18 DOWNLINK 0 489 713
27.971 18 DOWNLINK_STATUS 28 13964 629 0 518. 23. 19.67
28.048 18 ESTIMATOR 0. 0.
28.092 18 NAVIGATION 0 2 0. 0. 0. 0. 0 0
28.128 18 GPS 0 0 0 0 0 0 0 0 0 0 0
28.152 18 WP_MOVED 4 665470.125 5320139. 75. 32
28.176 18 BAT 0 116 0 0 1 31 0 0
28.188 18 DL_VALUE 9 0.
28.252 18 GYRO_RATES -279 -4.850447 0.
28.332 18 FBW_STATUS 2 0 1 116 0
28.360 18 NAVIGATION 0 2 0. 0. 0. 0. 0 0
28.392 18 GPS 0 0 0 0 0 0 0 0 0 0 0
28.403 18 CALIBRATION 0. 0
28.452 18 ATTITUDE 1.505305 0. 1.368287
28.548 18 ESTIMATOR 0. 0.
28.592 18 NAVIGATION 0 2 0. 0. 0. 0. 0 0
28.628 18 GPS 0 0 0 0 0 0 0 0 0 0 0
28.652 18 WP_MOVED 5 665592.3125 5320088. 75. 32
28.768 18 DESIRED 0. 0.16 0. 0. 0. 700. 0.
28.784 18 GPS_SOL 0 0 0 0
28.844 18 NAVIGATION 0 2 0. 0. 0. 0. 0 0
28.880 18 GPS 0 0 0 0 0 0 0 0 0 0 0
28.904 18 NAVIGATION 0 2 0. 0. 0. 0. 0 0
28.952 18 ATTITUDE 1.499886 0. 1.365115
28.967 18 IR_SENSORS -18 293 311 275 37
28.972 18 DOWNLINK_STATUS 29 14469 652 0 505. 23. 19.67
29.048 18 ESTIMATOR 0. 0.
29.092 18 NAVIGATION 0 2 0. 0. 0. 0. 0 0
29.128 18 GPS 0 0 0 0 0 0 0 0 0 0 0
29.152 18 WP_MOVED 6 665597. 5319937.5 75. 32
29.252 18 BAT 0 116 0 0 1 32 0 0
29.344 18 NAVIGATION 0 2 0. 0. 0. 0. 0 0
29.380 18 GPS 0 0 0 0 0 0 0 0 0 0 0
29.396 18 GYRO_RATES -282 -4.902603 0.
29.452 18 ATTITUDE 1.499886 0. 1.365115
29.548 18 ESTIMATOR 0. 0.
29.568 18 ENERGY 11.6 0. 0 0.
29.596 18 NAVIGATION 0 2 0. 0. 0. 0. 0 0
29.632 18 GPS 0 0 0 0 0 0 0 0 0 0 0
29.652 18 WP_MOVED 7 665340.8125 5320018.5 75. 32
29.664 18 DL_VALUE 10 -0.062832
29.819 18 DESIRED 0. 0.13 0. 0. 0. 700. 0.
29.844 18 NAVIGATION 0 2 0. 0. 0. 0. 0 0
29.880 18 GPS 0 0 0 0 0 0 0 0 0 0 0
29.908 18 NAVIGATION 0 2 0. 0. 0. 0. 0 0
29.952 18 ATTITUDE 1.494743 0. 1.35798
29.973 18 DOWNLINK_STATUS 30 14936 672 0 467. 20. 19.67
30.048 18 ESTIMATOR 0. 0.
30.092 18 NAVIGATION 0 2 0. 0. 0. 0. 0 0
30.128 18 GPS 0 0 0 0 0 0 0 0 0 0 0
30.152 18 WP_MOVED 8 665734.375 5320238.5 75. 32
30.168 18 IR_SENSORS -15 291 306 276 39
30.337 18 FBW_STATUS 2 0 1 116 0
30.356 18 NAVIGATION 0 2 0. 0. 0. 0. 0 0
30.392 18 GPS 0 0 0 0 0 0 0 0 0 0 0
30.412 18 BAT 0 116 0 0 1 34 0 0
30.452 18 ATTITUDE 1.510172 0. 1.372151
30.468 18 GYRO_RATES -276 -4.798292 0.
30.479 18 CALIBRATION 0. 0
30.483 18 PONG 
30.548 18 ESTIMATOR 0. 0.
30.592 18 NAVIGATION 0 2 0. 0. 0. 0. 0 0
30.628 18 GPS 0 0 0 0 0 0 0 0 0 0 0
30.652 18 WP_MOVED 9 665345.5 5320111.5 75. 32
30.748 18 GPS_SOL 0 0 0 0
30.844 18 NAVIGATION 0 2 0. 0. 0. 0. 0 0
30.876 18 GPS 0 0 0 0 0 0 0 0 0 0 0
30.904 18 NAVIGATION 0 2 0. 0. 0. 0. 0 0
30.940 18 DESIRED 0. 0.16 0. 0. 0. 700. 0.
30.960 18 ATTITUDE 1.510172 0. 1.372151
30.974 18 DOWNLINK_STATUS 31 15436 695 0 500. 23. 26.89
31.048 18 ESTIMATOR 0. 0.
31.092 18 NAVIGATION 0 2 0. 0. 0. 0. 0 0
31.128 18 GPS 0 0 0 0 0 0 0 0 0 0 0
31.152 18 WP_MOVED 0 665502. 5319991. 75. 32
31.164 18 DL_VALUE 11 0.087266
31.344 18 NAVIGATION 0 2 0. 0. 0. 0. 0 0
31.376 18 GPS 0 0 0 0 0 0 0 0 0 0 0
31.395 18 IR_SENSORS -16 292 308 276 39
31.428 18 COMMANDS 0,2365,-9600
31.452 18 ATTITUDE 1.511495 0. 1.372513
31.472 18 BAT 0 116 0 0 1 35 0 0
31.532 18 ACTUATORS 1290,1781,0,1029
31.547 18 ESTIMATOR 0. 0.
31.564 18 GYRO_RATES -283 -4.919988 0.
31.592 18 NAVIGATION 0 2 0. 0. 0. 0. 0 0
31.628 18 GPS 0 0 0 0 0 0 0 0 0 0 0
31.652 18 WP_MOVED 1 665460. 5319949. 75. 32
31.844 18 NAVIGATION 0 2 0. 0. 0. 0. 0 0
31.876 18 GPS 0 0 0 0 0 0 0 0 0 0 0
31.904 18 NAVIGATION 0 2 0. 0. 0. 0. 0 0
31.940 18 DESIRED 0. 0.13 0. 0. 0. 700. 0.
31.960 18 ATTITUDE 1.502517 0. 1.365272
31.975 18 DOWNLINK_STATUS 32 15927 717 0 491. 22. 26.89
32.048 18 ESTIMATOR 0. 0.
32.068 18 ENERGY 11.6 0. 0 0.
32.096 18 NAVIGATION 0 2 0. 0. 0. 0. 0 0
32.132 18 GPS 0 0 0 0 0 0 0 0 0 0 0
32.152 18 WP_MOVED 2 665509.5 5320029. 75. 32
32.180 18 ALIVE 92,104,209,52,136,44,36,237,67,158,184,128,68,163,6,99
32.244 18 PPRZ_MODE 2 0 0 0 0 6
32.333 18 FBW_STATUS 2 0 1 116 0
32.356 18 NAVIGATION 0 2 0. 0. 0. 0. 0 0
32.392 18 GPS 0 0 0 0 0 0 0 0 0 0 0
32.452 18 ATTITUDE 1.503459 0. 1.365272
32.548 18 ESTIMATOR 0. 0.
32.568 18 BAT 0 116 0 0 1 36 0 0
32.583 18 IR_SENSORS -15 294 309 279 34
32.595 18 CALIBRATION 0. 0
32.624 18 NAVIGATION 0 2 0. 0. 0. 0. 0 0
32.660 18 GPS 0 0 0 0 0 0 0 0 0 0 0
32.680 18 WP_MOVED 3 665540. 5320049. 75. 32
32.696 18 GYRO_RATES -277 -4.815677 0.
32.707 18 DL_VALUE 0 700.
32.752 18 GPS_SOL 0 0 0 0
32.844 18 NAVIGATION 0 2 0. 0. 0. 0. 0 0
32.872 18 WIND_INFO 18 42 0. 0. 0.
32.880 18 GPS 0 0 0 0 0 0 0 0 0 0 0
32.904 18 NAVIGATION 0 2 0. 0. 0. 0. 0 0
32.952 18 ATTITUDE 1.510172 0. 1.371419
32.976 18 DOWNLINK_STATUS 33 16453 742 0 526. 25. 26.89
32.988 18 DESIRED 0. 0.16 0. 0. 0. 700. 0.
33.048 18 ESTIMATOR 0. 0.
33.059 18 DOWNLINK 0 499 829
33.092 18 NAVIGATION 0 2 0. 0. 0. 0. 0 0
33.128 18 GPS 0 0 0 0 0 0 0 0 0 0 0
33.152 18 WP_MOVED 4 665470.125 5320139. 75. 32
33.344 18 NAVIGATION 0 2 0. 0. 0. 0. 0 0
33.380 18 GPS 0 0 0 0 0 0 0 0 0 0 0
33.452 18 ATTITUDE 1.513767 0. 1.37397
33.467 18 NAVIGATION_REF 665460 5319949 32
33.548 18 ESTIMATOR 0. 0.
33.592 18 NAVIGATION 0 2 0. 0. 0. 0. 0 0
33.628 18 GPS 0 0 0 0 0 0 0 0 0 0 0
33.652 18 WP_MOVED 5 665592.3125 5320088. 75. 32
33.672 18 BAT 0 116 0 0 1 37 0 0
33.748 18 GYRO_RATES -277 -4.815677 0.
33.764 18 IR_SENSORS -15 290 305 275 34
33.844 18 NAVIGATION 0 2 0. 0. 0. 0. 0 0
33.876 18 GPS 0 0 0 0 0 0 0 0 0 0 0
33.904 18 NAVIGATION 0 2 0. 0. 0. 0. 0 0
33.952 18 ATTITUDE 1.521375 0. 1.38022
33.976 18 DOWNLINK_STATUS 34 16931 763 0 478. 21. 26.89
34.016 18 DESIRED 0. 0.13 0. 0. 0. 700. 0.
34.048 18 ESTIMATOR 0. 0.
34.092 18 NAVIGATION 0 2 0. 0. 0. 0. 0 0
34.128 18 GPS 0 0 0 0 0 0 0 0 0 0 0
34.152 18 WP_MOVED 6 665597. 5319937.5 75. 32
34.163 18 DL_VALUE 1 0.
34.332 18 FBW_STATUS 2 0 1 116 0
34.356 18 NAVIGATION 0 2 0. 0. 0. 0. 0 0
34.392 18 GPS 0 0 0 0 0 0 0 0 0 0 0
34.452 18 ATTITUDE 1.509724 0. 1.370304
34.548 18 ESTIMATOR 0. 0.
34.568 18 ENERGY 11.6 0. 0 0.
34.596 18 NAVIGATION 0 2 0. 0. 0. 0. 0 0
34.628 18 GPS 0 0 0 0 0 0 0 0 0 0 0
34.652 18 WP_MOVED 7 665340.8125 5320018.5 75. 32
34.663 18 CALIBRATION 0. 0
34.752 18 BAT 0 116 0 0 1 38 0 0
34.772 18 GPS_SOL 0 0 0 0
34.844 18 NAVIGATION 0 2 0. 0. 0. 0. 0 0
34.876 18 GPS 0 0 0 0 0 0 0 0 0 0 0
34.904 18 NAVIGATION 0 2 0. 0. 0. 0. 0 0
34.920 18 GYRO_RATES -276 -4.798292 0.
34.952 18 ATTITUDE 1.511057 0. 1.372151
34.968 18 IR_SENSORS -14 290 304 276 34
34.977 18 DOWNLINK_STATUS 35 17456 787 0 525. 24. 26.89
35.048 18 ESTIMATOR 0. 0.
35.084 18 DESIRED 0. 0.16 0. 0. 0. 700. 0.
35.108 18 NAVIGATION 0 2 0. 0. 0. 0. 0 0
35.144 18 GPS 0 0 0 0 0 0 0 0 0 0 0
35.164 18 WP_MOVED 8 665734.375 5320238.5 75. 32
35.344 18 NAVIGATION 0 2 0. 0. 0. 0. 0 0
35.376 18 GPS 0 0 0 0 0 0 0 0 0 0 0
35.452 18 ATTITUDE 1.513767 0. 1.37397
35.475 18 PONG 
35.548 18 ESTIMATOR 0. 0.
35.592 18 NAVIGATION 0 2 0. 0. 0. 0. 0 0
35.628 18 GPS 0 0 0 0 0 0 0 0 0 0 0
35.652 18 WP_MOVED 9 665345.5 5320111.5 75. 32
35.664 18 DL_VALUE 2 0.
35.844 18 NAVIGATION 0 2 0. 0. 0. 0. 0 0
35.876 18 GPS 0 0 0 0 0 0 0 0 0 0 0
35.904 18 NAVIGATION 0 2 0. 0. 0. 0. 0 0
35.924 18 BAT 0 116 0 0 1 39 0 0
35.952 18 ATTITUDE 1.513333 0. 1.373607
35.968 18 GYRO_RATES -271 -4.711366 0.
36.005 18 DOWNLINK_STATUS 36 17909 807 0 453. 20. 18.71
36.048 18 ESTIMATOR 0. 0.
36.092 18 NAVIGATION 0 2 0. 0. 0. 0. 0 0
36.128 18 GPS 0 0 0 0 0 0 0 0 0 0 0
36.164 18 DESIRED 0. 0.13 0. 0. 0. 700. 0.
36.184 18 WP_MOVED 0 665502. 5319991. 75. 32
36.199 18 IR_SENSORS -13 288 301 275 33
36.332 18 FBW_STATUS 2 0 1 116 0
36.356 18 NAVIGATION 0 2 0. 0. 0. 0. 0 0
36.392 18 GPS 0 0 0 0 0 0 0 0 0 0 0
36.427 18 COMMANDS 0,3058,-9600
36.452 18 ATTITUDE 1.520559 0. 1.379529
36.532 18 ACTUATORS 1290,1768,0,1015
36.548 18 ESTIMATOR 0. 0.
36.592 18 NAVIGATION 0 2 0. 0. 0. 0. 0 0
36.628 18 GPS 0 0 0 0 0 0 0 0 0 0 0
36.652 18 WP_MOVED 1 665460. 5319949. 75. 32
36.748 18 GPS_SOL 0 0 0 0
36.759 18 CALIBRATION 0. 0
36.844 18 NAVIGATION 0 2 0. 0. 0. 0. 0 0
36.880 18 GPS 0 0 0 0 0 0 0 0 0 0 0
36.904 18 NAVIGATION 0 2 0. 0. 0. 0. 0 0
36.952 18 ATTITUDE 1.513333 0. 1.372873
36.972 18 BAT 0 116 0 0 1 40 0 0
36.979 18 DOWNLINK_STATUS 37 18415 830 0 506. 23. 18.71
37.048 18 ESTIMATOR 0. 0.
37.064 18 GYRO_RATES -269 -4.676596 0.
37.084 18 ENERGY 11.6 0. 0 0.
37.112 18 NAVIGATION 0 2 0. 0. 0. 0. 0 0
37.148 18 GPS 0 0 0 0 0 0 0 0 0 0 0
37.168 18 WP_MOVED 2 665509.5 5320029. 75. 32
37.204 18 DESIRED 0. 0.16 0. 0. 0. 700. 0.
37.212 18 DL_VALUE 3 0.
37.236 18 ALIVE 92,104,209,52,136,44,36,237,67,158,184,128,68,163,6,99
37.251 18 PPRZ_MODE 2 0 0 0 0 6
37.344 18 NAVIGATION 0 2 0. 0. 0. 0. 0 0
37.376 18 GPS 0 0 0 0 0 0 0 0 0 0 0
37.396 18 IR_SENSORS -12 288 300 276 31
37.452 18 ATTITUDE 1.520559 0. 1.379529
37.548 18 ESTIMATOR 0. 0.
37.592 18 NAVIGATION 0 2 0. 0. 0. 0. 0 0
37.628 18 GPS 0 0 0 0 0 0 0 0 0 0 0
37.652 18 WP_MOVED 3 665540. 5320049. 75. 32
37.844 18 NAVIGATION 0 2 0. 0. 0. 0. 0 0
37.876 18 GPS 0 0 0 0 0 0 0 0 0 0 0
37.904 18 NAVIGATION 0 2 0. 0. 0. 0. 0 0
37.952 18 ATTITUDE 1.520969 0. 1.379876
37.980 18 DOWNLINK_STATUS 38 18913 852 0 498. 22. 18.71
38.048 18 ESTIMATOR 0. 0.
38.068 18 BAT 0 116 0 0 1 41 0 0
38.096 18 NAVIGATION 0 2 0. 0. 0. 0. 0 0
38.128 18 GPS 0 0 0 0 0 0 0 0 0 0 0
38.152 18 WP_MOVED 4 665470.125 5320139. 75. 32
38.168 18 GYRO_RATES -271 -4.711366 0.
38.180 18 DOWNLINK 0 498 943
38.216 18 DESIRED 0. 0.13 0. 0. 0. 700. 0.
38.328 18 FBW_STATUS 2 0 1 116 0
38.356 18 NAVIGATION 0 2 0. 0. 0. 0. 0 0
38.392 18 GPS 0 0 0 0 0 0 0 0 0 0 0
38.452 18 ATTITUDE 1.519732 0. 1.378829
38.548 18 ESTIMATOR 0. 0.
38.563 18 IR_SENSORS -12 288 300 276 33
38.592 18 NAVIGATION 0 2 0. 0. 0. 0. 0 0
38.628 18 GPS 0 0 0 0 0 0 0 0 0 0 0
38.652 18 WP_MOVED 5 665592.3125 5320088. 75. 32
38.663 18 DL_VALUE 4 80.
38.748 18 GPS_SOL 0 0 0 0
38.844 18 NAVIGATION 0 2 0. 0. 0. 0. 0 0
38.876 18 GPS 0 0 0 0 0 0 0 0 0 0 0
38.904 18 NAVIGATION 0 2 0. 0. 0. 0. 0 0
38.915 18 CALIBRATION 0. 0
38.952 18 ATTITUDE 1.520559 0. 1.378829
38.981 18 DOWNLINK_STATUS 39 19429 876 0 516. 24. 18.71
39.048 18 ESTIMATOR 0. 0.
39.092 18 NAVIGATION 0 2 0. 0. 0. 0. 0 0
39.128 18 GPS 0 0 0 0 0 0 0 0 0 0 0
39.152 18 WP_MOVED 6 665597. 5319937.5 75. 32
39.176 18 BAT 0 116 0 0 1 42 0 0
39.268 18 DESIRED 0. 0.16 0. 0. 0. 700. 0.
39.284 18 GYRO_RATES -273 -4.746137 0.
39.344 18 NAVIGATION 0 2 0. 0. 0. 0. 0 0
39.376 18 GPS 0 0 0 0 0 0 0 0 0 0 0
39.452 18 ATTITUDE 1.521375 0. 1.378829
39.548 18 ESTIMATOR 0. 0.
39.568 18 ENERGY 11.6 0. 0 0.
39.596 18 NAVIGATION 0 2 0. 0. 0. 0. 0 0
39.628 18 GPS 0 0 0 0 0 0 0 0 0 0 0
39.652 18 WP_MOVED 7 665340.8125 5320018.5 75. 32
39.748 18 IR_SENSORS -11 284 295 273 30
39.849 18 NAVIGATION 0 2 0. 0. 0. 0. 0 0
39.876 18 GPS 0 0 0 0 0 0 0 0 0 0 0
39.904 18 NAVIGATION 0 2 0. 0. 0. 0. 0 0
39.952 18 ATTITUDE 1.522971 0. 1.382523
39.982 18 DOWNLINK_STATUS 40 19901 896 0 472. 20. 18.71
40.048 18 ESTIMATOR 0. 0.
40.092 18 NAVIGATION 0 2 0. 0. 0. 0. 0 0
40.128 18 GPS 0 0 0 0 0 0 0 0 0 0 0
40.156 18 WP_MOVED 8 665734.375 5320238.5 75. 32
40.164 18 DL_VALUE 5 2.
40.252 18 BAT 0 116 0 0 1 43 0 0
40.316 18 DESIRED 0. 0.13 0. 0. 0. 700. 0.
40.332 18 FBW_STATUS 2 0 1 116 0
40.360 18 NAVIGATION 0 2 0. 0. 0. 0. 0 0
40.396 18 GPS 0 0 0 0 0 0 0 0 0 0 0
40.412 18 GYRO_RATES -273 -4.746137 0.
40.452 18 ATTITUDE 1.519732 0. 1.378829
40.475 18 PONG 
40.548 18 ESTIMATOR 0. 0.
40.592 18 NAVIGATION 0 2 0. 0. 0. 0. 0 0
40.628 18 GPS 0 0 0 0 0 0 0 0 0 0 0
40.652 18 WP_MOVED 9 665345.5 5320111.5 75. 32
40.748 18 GPS_SOL 0 0 0 0
40.845 18 NAVIGATION 0 2 0. 0. 0. 0. 0 0
40.876 18 GPS 0 0 0 0 0 0 0 0 0 0 0
40.904 18 NAVIGATION 0 2 0. 0. 0. 0. 0 0
40.952 18 ATTITUDE 1.520559 0. 1.379529
40.967 18 IR_SENSORS -12 285 297 273 31
40.984 18 CALIBRATION 0. 0
41.017 18 DOWNLINK_STATUS 41 20412 920 0 511. 24. 17.7
41.047 18 ESTIMATOR 0. 0.
41.092 18 NAVIGATION 0 2 0. 0. 0. 0. 0 0
41.128 18 GPS 0 0 0 0 0 0 0 0 0 0 0
41.152 18 WP_MOVED 0 665502. 5319991. 75. 32
41.344 18 NAVIGATION 0 2 0. 0. 0. 0. 0 0
41.376 18 GPS 0 0 0 0 0 0 0 0 0 0 0
41.412 18 DESIRED 0. 0.16 0. 0. 0. 700. 0.
41.432 18 BAT 0 116 0 0 1 45 0 0
41.448 18 COMMANDS 0,3265,-9600
41.468 18 ATTITUDE 1.520147 0. 1.378476
41.484 18 GYRO_RATES -273 -4.746137 0.
41.532 18 ACTUATORS 1290,1758,0,1005
41.548 18 ESTIMATOR 0. 0.
41.592 18 NAVIGATION 0 2 0. 0. 0. 0. 0 0
41.628 18 GPS 0 0 0 0 0 0 0 0 0 0 0
41.652 18 WP_MOVED 1 665460. 5319949. 75. 32
41.663 18 DL_VALUE 6 0.
41.844 18 NAVIGATION 0 2 0. 0. 0. 0. 0 0
41.876 18 GPS 0 0 0 0 0 0 0 0 0 0 0
41.904 18 NAVIGATION 0 2 0. 0. 0. 0. 0 0
41.952 18 ATTITUDE 1.523376 0. 1.381496
41.984 18 DOWNLINK_STATUS 42 20887 941 0 475. 21. 17.7
42.048 18 ESTIMATOR 0. 0.
42.068 18 ENERGY 11.6 0. 0 0.
42.096 18 NAVIGATION 0 2 0. 0. 0. 0. 0 0
42.132 18 GPS 0 0 0 0 0 0 0 0 0 0 0
42.152 18 WP_MOVED 2 665509.5 5320029. 75. 32
42.168 18 IR_SENSORS -11 282 293 271 31
42.192 18 ALIVE 92,104,209,52,136,44,36,237,67,158,184,128,68,163,6,99
42.244 18 PPRZ_MODE 2 0 0 0 0 6
42.328 18 FBW_STATUS 2 0 1 116 0
42.356 18 NAVIGATION 0 2 0. 0. 0. 0. 0 0
42.392 18 GPS 0 0 0 0 0 0 0 0 0 0 0
42.428 18 DESIRED 0. 0.13 0. 0. 0. 700. 0.
42.452 18 ATTITUDE 1.523376 0. 1.382183
42.472 18 BAT 0 116 0 0 1 46 0 0
42.488 18 NAVIGATION_REF 665460 5319949 32
42.548 18 ESTIMATOR 0. 0.
42.564 18 GYRO_RATES -276 -4.798292 0.
42.592 18 NAVIGATION 0 2 0. 0. 0. 0. 0 0
42.628 18 GPS 0 0 0 0 0 0 0 0 0 0 0
42.652 18 WP_MOVED 3 665540. 5320049. 75. 32
42.748 18 GPS_SOL 0 0 0 0
42.845 18 NAVIGATION 0 2 0. 0. 0. 0. 0 0
42.872 18 WIND_INFO 18 42 0. 0. 0.
42.876 18 GPS 0 0 0 0 0 0 0 0 0 0 0
42.904 18 NAVIGATION 0 2 0. 0. 0. 0. 0 0
42.952 18 ATTITUDE 1.524177 0. 1.382183
42.985 18 DOWNLINK_STATUS 43 21440 966 0 553. 25. 17.7
43.048 18 ESTIMATOR 0. 0.
43.059 18 CALIBRATION 0. 0
43.092 18 NAVIGATION 0 2 0. 0. 0. 0. 0 0
43.128 18 GPS 0 0 0 0 0 0 0 0 0 0 0
43.152 18 WP_MOVED 4 665470.125 5320139. 75. 32
43.163 18 DL_VALUE 7 1.
43.244 18 DOWNLINK 0 492 1057
43.348 18 NAVIGATION 0 2 0. 0. 0. 0. 0 0
43.376 18 GPS 0 0 0 0 0 0 0 0 0 0 0
43.396 18 IR_SENSORS -11 284 295 273 31
43.452 18 ATTITUDE 1.524177 0. 1.382183
43.488 18 DESIRED 0. 0.16 0. 0. 0. 700. 0.
43.548 18 ESTIMATOR 0. 0.
43.568 18 BAT 0 116 0 0 1 47 0 0
43.596 18 NAVIGATION 0 2 0. 0. 0. 0. 0 0
43.628 18 GPS 0 0 0 0 0 0 0 0 0 0 0
43.652 18 WP_MOVED 5 665592.3125 5320088. 75. 32
43.668 18 GYRO_RATES -275 -4.780907 0.
43.844 18 NAVIGATION 0 2 0. 0. 0. 0. 0 0
43.876 18 GPS 0 0 0 0 0 0 0 0 0 0 0
43.904 18 NAVIGATION 0 2 0. 0. 0. 0. 0 0
43.952 18 ATTITUDE 1.522563 0. 1.3808
43.986 18 DOWNLINK_STATUS 44 21925 988 0 485. 22. 17.7
44.048 18 ESTIMATOR 0. 0.
44.092 18 NAVIGATION 0 2 0. 0. 0. 0. 0 0
44.128 18 GPS 0 0 0 0 0 0 0 0 0 0 0
44.152 18 WP_MOVED 6 665597. 5319937.5 75. 32
44.328 18 FBW_STATUS 2 0 1 116 0
44.356 18 NAVIGATION 0 2 0. 0. 0. 0. 0 0
44.392 18 GPS 0 0 0 0 0 0 0 0 0 0 0
44.452 18 ATTITUDE 1.531048 0. 1.387932
44.516 18 DESIRED 0. 0.13 0. 0. 0. 700. 0.
44.548 18 ESTIMATOR 0. 0.
44.563 18 IR_SENSORS -11 286 297 275 30
44.584 18 ENERGY 11.6 0. 0 0.
44.612 18 NAVIGATION 0 2 0. 0. 0. 0. 0 0
44.644 18 GPS 0 0 0 0 0 0 0 0 0 0 0
44.668 18 WP_MOVED 7 665340.8125 5320018.5 75. 32
44.688 18 BAT 0 116 0 0 1 48 0 0
44.699 18 DL_VALUE 8 0.
44.748 18 GYRO_RATES -271 -4.711366 0.
44.767 18 GPS_SOL 0 0 0 0
44.844 18 NAVIGATION 0 2 0. 0. 0. 0. 0 0
44.876 18 GPS 0 0 0 0 0 0 0 0 0 0 0
44.904 18 NAVIGATION 0 2 0. 0. 0. 0. 0 0
44.952 18 ATTITUDE 1.523376 0. 1.382183
44.987 18 DOWNLINK_STATUS 45 22439 1011 0 514. 23. 17.7
45.048 18 ESTIMATOR 0. 0.
45.092 18 NAVIGATION 0 2 0. 0. 0. 0. 0 0
45.128 18 GPS 0 0 0 0 0 0 0 0 0 0 0
45.152 18 WP_MOVED 8 665734.375 5320238.5 75. 32
45.163 18 CALIBRATION 0. 0
45.344 18 NAVIGATION 0 2 0. 0. 0. 0. 0 0
45.376 18 GPS 0 0 0 0 0 0 0 0 0 0 0
45.452 18 ATTITUDE 1.524574 0. 1.382523
45.479 18 PONG 
45.548 18 ESTIMATOR 0. 0.
45.584 18 DESIRED 0. 0.16 0. 0. 0. 700. 0.
45.608 18 NAVIGATION 0 2 0. 0. 0. 0. 0 0
45.644 18 GPS 0 0 0 0 0 0 0 0 0 0 0
45.664 18 WP_MOVED 9 665345.5 5320111.5 75. 32
45.752 18 BAT 0 116 0 0 1 49 0 0
45.768 18 IR_SENSORS -10 283 293 273 30
45.844 18 NAVIGATION 0 2 0. 0. 0. 0. 0 0
45.876 18 GPS 0 0 0 0 0 0 0 0 0 0 0
45.904 18 NAVIGATION 0 2 0. 0. 0. 0. 0 0
45.920 18 GYRO_RATES -271 -4.711366 0.
45.952 18 ATTITUDE 1.519732 0. 1.37812
45.988 18 DOWNLINK_STATUS 46 22908 1032 0 469. 21. 20.64
46.048 18 ESTIMATOR 0. 0.
46.092 18 NAVIGATION 0 2 0. 0. 0. 0. 0 0
46.128 18 GPS 0 0 0 0 0 0 0 0 0 0 0
46.152 18 WP_MOVED 0 665502. 5319991. 75. 32
46.163 18 DL_VALUE 9 0.
46.332 18 FBW_STATUS 2 0 1 116 0
46.357 18 NAVIGATION 0 2 0. 0. 0. 0. 0 0
46.392 18 GPS 0 0 0 0 0 0 0 0 0 0 0
46.427 18 COMMANDS 0,3568,-9600
46.452 18 ATTITUDE 1.522563 0. 1.3808
46.532 18 ACTUATORS 1290,1747,0,1000
46.547 18 ESTIMATOR 0. 0.
46.592 18 NAVIGATION 0 2 0. 0. 0. 0. 0 0
46.628 18 GPS 0 0 0 0 0 0 0 0 0 0 0
46.664 18 DESIRED 0. 0.13 0. 0. 0. 700. 0.
46.684 18 WP_MOVED 1 665460. 5319949. 75. 32
46.748 18 GPS_SOL 0 0 0 0
46.844 18 NAVIGATION 0 2 0. 0. 0. 0. 0 0
46.876 18 GPS 0 0 0 0 0 0 0 0 0 0 0
46.904 18 NAVIGATION 0 2 0. 0. 0. 0. 0 0
46.924 18 BAT 0 116 0 0 1 50 0 0
46.952 18 ATTITUDE 1.523376 0. 1.381496
46.968 18 GYRO_RATES -273 -4.746137 0.
46.984 18 IR_SENSORS -11 282 293 271 30
46.989 18 DOWNLINK_STATUS 47 23430 1056 0 522. 24. 20.64
47.048 18 ESTIMATOR 0. 0.
47.068 18 ENERGY 11.6 0. 0 0.
47.096 18 NAVIGATION 0 2 0. 0. 0. 0. 0 0
47.128 18 GPS 0 0 0 0 0 0 0 0 0 0 0
47.152 18 WP_MOVED 2 665509.5 5320029. 75. 32
47.176 18 ALIVE 92,104,209,52,136,44,36,237,67,158,184,128,68,163,6,99
47.244 18 CALIBRATION 0. 0
47.255 18 PPRZ_MODE 2 0 0 0 0 6
47.345 18 NAVIGATION 0 2 0. 0. 0. 0. 0 0
47.376 18 GPS 0 0 0 0 0 0 0 0 0 0 0
47.452 18 ATTITUDE 1.518893 0. 1.378829
47.548 18 ESTIMATOR 0. 0.
47.592 18 NAVIGATION 0 2 0. 0. 0. 0. 0 0
47.628 18 GPS 0 0 0 0 0 0 0 0 0 0 0
47.652 18 WP_MOVED 3 665540. 5320049. 75. 32
47.688 18 DESIRED 0. 0.16 0. 0. 0. 700. 0.
47.699 18 DL_VALUE 10 -0.062832
47.844 18 NAVIGATION 0 2 0. 0. 0. 0. 0 0
47.880 18 GPS 0 0 0 0 0 0 0 0 0 0 0
47.904 18 NAVIGATION 0 2 0. 0. 0. 0. 0 0
47.952 18 ATTITUDE 1.520147 0. 1.379181
47.972 18 BAT 0 116 0 0 1 51 0 0
47.990 18 DOWNLINK_STATUS 48 23927 1078 0 497. 22. 20.64
48.048 18 ESTIMATOR 0. 0.
48.064 18 GYRO_RATES -268 -4.659211 0.
48.092 18 NAVIGATION 0 2 0. 0. 0. 0. 0 0
48.128 18 GPS 0 0 0 0 0 0 0 0 0 0 0
48.152 18 WP_MOVED 4 665470.125 5320139. 75. 32
48.168 18 IR_SENSORS -12 281 293 269 30
48.328 18 FBW_STATUS 2 0 1 116 0
48.356 18 NAVIGATION 0 2 0. 0. 0. 0. 0 0
48.392 18 GPS 0 0 0 0 0 0 0 0 0 0 0
48.403 18 DOWNLINK 0 503 1172
48.452 18 ATTITUDE 1.522152 0. 1.381149
48.548 18 ESTIMATOR 0. 0.
48.592 18 NAVIGATION 0 2 0. 0. 0. 0. 0 0
48.628 18 GPS 0 0 0 0 0 0 0 0 0 0 0
48.652 18 WP_MOVED 5 665592.3125 5320088. 75. 32
48.716 18 DESIRED 0. 0.13 0. 0. 0. 700. 0.
48.748 18 GPS_SOL 0 0 0 0
48.844 18 NAVIGATION 0 2 0. 0. 0. 0. 0 0
48.880 18 GPS 0 0 0 0 0 0 0 0 0 0 0
48.904 18 NAVIGATION 0 2 0. 0. 0. 0. 0 0
48.952 18 ATTITUDE 1.522971 0. 1.381841
48.991 18 DOWNLINK_STATUS 49 24401 1099 0 474. 21. 20.64
49.048 18 ESTIMATOR 0. 0.
49.068 18 BAT 0 116 0 0 1 52 0 0
49.096 18 NAVIGATION 0 2 0. 0. 0. 0. 0 0
49.128 18 GPS 0 0 0 0 0 0 0 0 0 0 0
49.152 18 WP_MOVED 6 665597. 5319937.5 75. 32
49.168 18 GYRO_RATES -271 -4.711366 0.
49.180 18 DL_VALUE 11 0.087266
49.344 18 NAVIGATION 0 2 0. 0. 0. 0. 0 0
49.376 18 GPS 0 0 0 0 0 0 0 0 0 0 0
49.396 18 IR_SENSORS -12 281 293 269 30
49.404 18 CALIBRATION 0. 0
49.452 18 ATTITUDE 1.523778 0. 1.381841
49.548 18 ESTIMATOR 0. 0.
49.568 18 ENERGY 11.6 0. 0 0.
49.596 18 NAVIGATION 0 2 0. 0. 0. 0. 0 0
49.628 18 GPS 0 0 0 0 0 0 0 0 0 0 0
49.652 18 WP_MOVED 7 665340.8125 5320018.5 75. 32
49.768 18 DESIRED 0. 0.16 0. 0. 0. 700. 0.
49.845 18 NAVIGATION 0 2 0. 0. 0. 0. 0 0
49.880 18 GPS 0 0 0 0 0 0 0 0 0 0 0
49.904 18 NAVIGATION 0 2 0. 0. 0. 0. 0 0
49.952 18 ATTITUDE 1.522152 0. 1.381841
49.992 18 DOWNLINK_STATUS 50 24895 1121 0 494. 22. 20.64
50.048 18 ESTIMATOR 0. 0.
50.092 18 NAVIGATION 0 2 0. 0. 0. 0. 0 0
50.128 18 GPS 0 0 0 0 0 0 0 0 0 0 0
50.152 18 WP_MOVED 8 665734.375 5320238.5 75. 32
50.176 18 BAT 0 116 0 0 1 53 0 0
50.248 18 GYRO_RATES -272 -4.728752 0.
50.331 18 FBW_STATUS 2 0 1 116 0
50.356 18 NAVIGATION 0 2 0. 0. 0. 0. 0 0
50.392 18 GPS 0 0 0 0 0 0 0 0 0 0 0
50.452 18 ATTITUDE 1.522563 0. 1.382183
50.479 18 PONG 
50.548 18 ESTIMATOR 0. 0.
50.564 18 IR_SENSORS -13 288 301 275 30
50.592 18 NAVIGATION 0 2 0. 0. 0. 0. 0 0
50.628 18 GPS 0 0 0 0 0 0 0 0 0 0 0
50.652 18 WP_MOVED 9 665345.5 5320111.5 75. 32
50.663 18 DL_VALUE 0 700.
50.748 18 GPS_SOL 0 0 0 0
50.816 18 DESIRED 0. 0.13 0. 0. 0. 700. 0.
50.846 18 NAVIGATION 0 2 0. 0. 0. 0. 0 0
50.880 18 GPS 0 0 0 0 0 0 0 0 0 0 0
50.908 18 NAVIGATION 0 2 0. 0. 0. 0. 0 0
50.952 18 ATTITUDE 1.529912 0. 1.387605
50.993 18 DOWNLINK_STATUS 51 25395 1144 0 500. 23. 19.66
51.048 18 ESTIMATOR 0. 0.
51.092 18 NAVIGATION 0 2 0. 0. 0. 0. 0 0
51.127 18 GPS 0 0 0 0 0 0 0 0 0 0 0
51.152 18 WP_MOVED 0 665502. 5319991. 75. 32
51.252 18 BAT 0 116 0 0 1 54 0 0
51.347 18 NAVIGATION 0 2 0. 0. 0. 0. 0 0
51.376 18 GPS 0 0 0 0 0 0 0 0 0 0 0
51.396 18 GYRO_RATES -272 -4.728752 0.
51.427 18 COMMANDS 0,3704,-9600
51.452 18 ATTITUDE 1.522563 0. 1.381496
51.463 18 CALIBRATION 0. 0
51.476 18 NAVIGATION_REF 665460 5319949 32
51.532 18 ACTUATORS 1290,1742,0,1000
51.548 18 ESTIMATOR 0. 0.
51.592 18 NAVIGATION 0 2 0. 0. 0. 0. 0 0
51.628 18 GPS 0 0 0 0 0 0 0 0 0 0 0
51.652 18 WP_MOVED 1 665460. 5319949. 75. 32
51.748 18 IR_SENSORS -13 283 296 270 31
51.848 18 NAVIGATION 0 2 0. 0. 0. 0. 0 0
51.876 18 GPS 0 0 0 0 0 0 0 0 0 0 0
51.904 18 NAVIGATION 0 2 0. 0. 0. 0. 0 0
51.940 18 DESIRED 0. 0.16 0. 0. 0. 700. 0.
51.960 18 ATTITUDE 1.522971 0. 1.381149
51.994 18 DOWNLINK_STATUS 52 25901 1167 0 506. 23. 19.66
52.044 18 ESTIMATOR 0. 0.
52.068 18 ENERGY 11.6 0. 0 0.
52.092 18 NAVIGATION 0 2 0. 0. 0. 0. 0 0
52.128 18 GPS 0 0 0 0 0 0 0 0 0 0 0
52.152 18 WP_MOVED 2 665509.5 5320029. 75. 32
52.164 18 DL_VALUE 1 0.
52.188 18 ALIVE 92,104,209,52,136,44,36,237,67,158,184,128,68,163,6,99
52.244 18 PPRZ_MODE 2 0 0 0 0 6
52.328 18 FBW_STATUS 2 0 1 116 0
52.356 18 NAVIGATION 0 2 0. 0. 0. 0. 0 0
52.392 18 GPS 0 0 0 0 0 0 0 0 0 0 0
52.412 18 BAT 0 116 0 0 1 56 0 0
52.452 18 ATTITUDE 1.518468 0. 1.378476
52.468 18 GYRO_RATES -272 -4.728752 0.
52.544 18 ESTIMATOR 0. 0.
52.592 18 NAVIGATION 0 2 0. 0. 0. 0. 0 0
52.628 18 GPS 0 0 0 0 0 0 0 0 0 0 0
52.652 18 WP_MOVED 3 665540. 5320049. 75. 32
52.748 18 GPS_SOL 0 0 0 0
52.844 18 NAVIGATION 0 2 0. 0. 0. 0. 0 0
52.873 18 WIND_INFO 18 42 0. 0. 0.
52.876 18 GPS 0 0 0 0 0 0 0 0 0 0 0
52.904 18 NAVIGATION 0 2 0. 0. 0. 0. 0 0
52.940 18 DESIRED 0. 0.13 0. 0. 0. 700. 0.
52.960 18 ATTITUDE 1.522563 0. 1.382183
52.975 18 IR_SENSORS -13 282 295 269 30
52.995 18 DOWNLINK_STATUS 53 26450 1192 0 549. 25. 19.66
53.044 18 ESTIMATOR 0. 0.
53.092 18 NAVIGATION 0 2 0. 0. 0. 0. 0 0
53.128 18 GPS 0 0 0 0 0 0 0 0 0 0 0
53.152 18 WP_MOVED 4 665470.125 5320139. 75. 32
53.344 18 NAVIGATION 0 2 0. 0. 0. 0. 0 0
53.376 18 GPS 0 0 0 0 0 0 0 0 0 0 0
53.452 18 ATTITUDE 1.522563 0. 1.381496
53.472 18 BAT 0 116 0 0 1 57 0 0
53.483 18 DOWNLINK 0 493 1285
53.548 18 ESTIMATOR 0. 0.
53.564 18 GYRO_RATES -282 -4.902603 0.
53.575 18 CALIBRATION 0. 0
53.600 18 NAVIGATION 0 2 0. 0. 0. 0. 0 0
53.636 18 GPS 0 0 0 0 0 0 0 0 0 0 0
53.656 18 WP_MOVED 5 665592.3125 5320088. 75. 32
53.667 18 DL_VALUE 2 0.
53.844 18 NAVIGATION 0 2 0. 0. 0. 0. 0 0
53.876 18 GPS 0 0 0 0 0 0 0 0 0 0 0
53.904 18 NAVIGATION 0 2 0. 0. 0. 0. 0 0
53.952 18 ATTITUDE 1.522971 0. 1.381841
53.984 18 DESIRED 0. 0.16 0. 0. 0. 700. 0.
53.995 18 DOWNLINK_STATUS 54 26919 1213 0 469. 21. 19.66
54.048 18 ESTIMATOR 0. 0.
54.092 18 NAVIGATION 0 2 0. 0. 0. 0. 0 0
54.128 18 GPS 0 0 0 0 0 0 0 0 0 0 0
54.152 18 WP_MOVED 6 665597. 5319937.5 75. 32
54.168 18 IR_SENSORS -13 282 295 269 30
54.328 18 FBW_STATUS 2 0 1 116 0
54.356 18 NAVIGATION 0 2 0. 0. 0. 0. 0 0
54.392 18 GPS 0 0 0 0 0 0 0 0 0 0 0
54.452 18 ATTITUDE 1.522971 0. 1.381149
54.548 18 ESTIMATOR 0. 0.
54.568 18 BAT 0 116 0 0 1 58 0 0
54.588 18 ENERGY 11.6 0. 0 0.
54.616 18 NAVIGATION 0 2 0. 0. 0. 0. 0 0
54.648 18 GPS 0 0 0 0 0 0 0 0 0 0 0
54.672 18 WP_MOVED 7 665340.8125 5320018.5 75. 32
54.688 18 GYRO_RATES -274 -4.763522 0.
54.748 18 GPS_SOL 0 0 0 0
54.844 18 NAVIGATION 0 2 0. 0. 0. 0. 0 0
54.876 18 GPS 0 0 0 0 0 0 0 0 0 0 0
54.904 18 NAVIGATION 0 2 0. 0. 0. 0. 0 0
54.952 18 ATTITUDE 1.522152 0. 1.381841
54.996 18 DOWNLINK_STATUS 55 27388 1234 0 469. 21. 19.66
55.016 18 DESIRED 0. 0.13 0. 0. 0. 700. 0.
55.048 18 ESTIMATOR 0. 0.
55.092 18 NAVIGATION 0 2 0. 0. 0. 0. 0 0
55.128 18 GPS 0 0 0 0 0 0 0 0 0 0 0
55.152 18 WP_MOVED 8 665734.375 5320238.5 75. 32
55.164 18 DL_VALUE 3 0.
55.344 18 NAVIGATION 0 2 0. 0. 0. 0. 0 0
55.376 18 GPS 0 0 0 0 0 0 0 0 0 0 0
55.392 18 IR_SENSORS -12 282 294 270 30
55.448 18 ATTITUDE 1.522971 0. 1.383197
55.479 18 PONG 
55.544 18 ESTIMATOR 0. 0.
55.592 18 NAVIGATION 0 2 0. 0. 0. 0. 0 0
55.628 18 GPS 0 0 0 0 0 0 0 0 0 0 0
55.652 18 WP_MOVED 9 665345.5 5320111.5 75. 32
55.672 18 BAT 0 116 0 0 1 59 0 0
55.683 18 CALIBRATION 0. 0
55.748 18 GYRO_RATES -273 -4.746137 0.
55.844 18 NAVIGATION 0 2 0. 0. 0. 0. 0 0
55.877 18 GPS 0 0 0 0 0 0 0 0 0 0 0
55.904 18 NAVIGATION 0 2 0. 0. 0. 0. 0 0
55.948 18 ATTITUDE 1.518468 0. 1.377762
55.996 18 DOWNLINK_STATUS 56 27868 1256 0 480. 22. 18.6
56.044 18 ESTIMATOR 0. 0.
56.080 18 DESIRED 0. 0.16 0. 0. 0. 700. 0.
56.108 18 NAVIGATION 0 2 0. 0. 0. 0. 0 0
56.144 18 GPS 0 0 0 0 0 0 0 0 0 0 0
56.164 18 WP_MOVED 0 665502. 5319991. 75. 32
56.328 18 FBW_STATUS 2 0 1 116 0
56.356 18 NAVIGATION 0 2 0. 0. 0. 0. 0 0
56.392 18 GPS 0 0 0 0 0 0 0 0 0 0 0
56.428 18 COMMANDS 0,4107,-9600
56.452 18 ATTITUDE 1.518468 0. 1.378476
56.532 18 ACTUATORS 1290,1726,0,1000
56.544 18 ESTIMATOR 0. 0.
56.563 18 IR_SENSORS -13 287 300 274 30
56.592 18 NAVIGATION 0 2 0. 0. 0. 0. 0 0
56.628 18 GPS 0 0 0 0 0 0 0 0 0 0 0
56.652 18 WP_MOVED 1 665460. 5319949. 75. 32
56.663 18 DL_VALUE 4 80.
56.752 18 BAT 0 116 0 0 1 60 0 0
56.771 18 GPS_SOL 0 0 0 0
56.844 18 NAVIGATION 0 2 0. 0. 0. 0. 0 0
56.876 18 GPS 0 0 0 0 0 0 0 0 0 0 0
56.904 18 NAVIGATION 0 2 0. 0. 0. 0. 0 0
56.920 18 GYRO_RATES -274 -4.763522 0.
56.952 18 ATTITUDE 1.523778 0. 1.382523
56.997 18 DOWNLINK_STATUS 57 28390 1280 0 522. 24. 18.6
57.048 18 ESTIMATOR 0. 0.
57.068 18 ENERGY 11.6 0. 0 0.
57.096 18 NAVIGATION 0 2 0. 0. 0. 0. 0 0
57.128 18 GPS 0 0 0 0 0 0 0 0 0 0 0
57.164 18 DESIRED 0. 0.13 0. 0. 0. 700. 0.
57.184 18 WP_MOVED 2 665509.5 5320029. 75. 32
57.208 18 ALIVE 92,104,209,52,136,44,36,237,67,158,184,128,68,163,6,99
57.244 18 PPRZ_MODE 2 0 0 0 0 6
57.344 18 NAVIGATION 0 2 0. 0. 0. 0. 0 0
57.376 18 GPS 0 0 0 0 0 0 0 0 0 0 0
57.452 18 ATTITUDE 1.518041 0. 1.38022
57.548 18 ESTIMATOR 0. 0.
57.592 18 NAVIGATION 0 2 0. 0. 0. 0. 0 0
57.628 18 GPS 0 0 0 0 0 0 0 0 0 0 0
57.652 18 WP_MOVED 3 665540. 5320049. 75. 32
57.748 18 IR_SENSORS -15 284 299 269 33
57.759 18 CALIBRATION 0. 0
57.840 18 NAVIGATION 0 2 0. 0. 0. 0. 0 0
57.881 18 GPS 0 0 0 0 0 0 0 0 0 0 0
57.904 18 NAVIGATION 0 2 0. 0. 0. 0. 0 0
57.924 18 BAT 0 116 0 0 1 61 0 0
57.948 18 ATTITUDE 1.518893 0. 1.380902
57.968 18 GYRO_RATES -281 -4.885218 0.
57.998 18 DOWNLINK_STATUS 58 28908 1303 0 518. 23. 18.6
58.044 18 ESTIMATOR 0. 0.
58.092 18 NAVIGATION 0 2 0. 0. 0. 0. 0 0
58.124 18 GPS 0 0 0 0 0 0 0 0 0 0 0
58.152 18 WP_MOVED 4 665470.125 5320139. 75. 32
58.188 18 DESIRED 0. 0.16 0. 0. 0. 700. 0.
58.199 18 DL_VALUE 5 2.
58.328 18 FBW_STATUS 2 0 1 116 0
58.360 18 NAVIGATION 0 2 0. 0. 0. 0. 0 0
58.392 18 GPS 0 0 0 0 0 0 0 0 0 0 0
58.448 18 ATTITUDE 1.512454 0. 1.373607
58.544 18 ESTIMATOR 0. 0.
58.555 18 DOWNLINK 0 492 1399
58.592 18 NAVIGATION 0 2 0. 0. 0. 0. 0 0
58.624 18 GPS 0 0 0 0 0 0 0 0 0 0 0
58.652 18 WP_MOVED 5 665592.3125 5320088. 75. 32
58.748 18 GPS_SOL 0 0 0 0
58.840 18 NAVIGATION 0 2 0. 0. 0. 0. 0 0
58.876 18 GPS 0 0 0 0 0 0 0 0 0 0 0
58.904 18 NAVIGATION 0 2 0. 0. 0. 0. 0 0
58.948 18 ATTITUDE 1.512454 0. 1.373607
58.972 18 BAT 0 116 0 0 1 62 0 0
58.988 18 IR_SENSORS -14 285 299 271 33
58.999 18 DOWNLINK_STATUS 59 29397 1325 0 489. 22. 18.6
59.044 18 ESTIMATOR 0. 0.
59.064 18 GYRO_RATES -273 -4.746137 0.
59.092 18 NAVIGATION 0 2 0. 0. 0. 0. 0 0
59.124 18 GPS 0 0 0 0 0 0 0 0 0 0 0
59.152 18 WP_MOVED 6 665597. 5319937.5 75. 32
59.216 18 DESIRED 0. 0.13 0. 0. 0. 700. 0.
59.340 18 NAVIGATION 0 2 0. 0. 0. 0. 0 0
59.376 18 GPS 0 0 0 0 0 0 0 0 0 0 0
59.448 18 ATTITUDE 1.520147 0. 1.379876
59.544 18 ESTIMATOR 0. 0.
59.568 18 ENERGY 11.6 0. 0 0.
59.592 18 NAVIGATION 0 2 0. 0. 0. 0. 0 0
59.628 18 GPS 0 0 0 0 0 0 0 0 0 0 0
59.652 18 WP_MOVED 7 665340.8125 5320018.5 75. 32
59.664 18 DL_VALUE 6 0.
59.844 18 NAVIGATION 0 2 0. 0. 0. 0. 0 0
59.876 18 GPS 0 0 0 0 0 0 0 0 0 0 0
59.904 18 NAVIGATION 0 2 0. 0. 0. 0. 0 0
59.915 18 CALIBRATION 0. 0
59.952 18 ATTITUDE 1.511111 0. 1.375401
60.000 18 DOWNLINK_STATUS 60 29855 1345 0 458. 20. 18.6
60.048 18 ESTIMATOR 0. 0.
60.068 18 BAT 0 116 0 0 1 63 0 0
60.096 18 NAVIGATION 0 2 0. 0. 0. 0. 0 0
60.128 18 GPS 0 0 0 0 0 0 0 0 0 0 0
60.152 18 WP_MOVED 8 665734.375 5320238.5 75. 32
60.168 18 GYRO_RATES -281 -4.885218 0.
60.184 18 IR_SENSORS -18 286 304 268 33
60.268 18 DESIRED 0. 0.16 0. 0. 0. 700. 0.
60.328 18 FBW_STATUS 2 0 1 116 0
60.356 18 NAVIGATION 0 2 0. 0. 0. 0. 0 0
60.392 18 GPS 0 0 0 0 0 0 0 0 0 0 0
60.452 18 ATTITUDE 1.508362 0. 1.372873
60.464 18 NAVIGATION_REF 665460 5319949 32
60.483 18 PONG 
60.544 18 ESTIMATOR 0. 0.
60.592 18 NAVIGATION 0 2 0. 0. 0. 0. 0 0
60.628 18 GPS 0 0 0 0 0 0 0 0 0 0 0
60.652 18 WP_MOVED 9 665345.5 5320111.5 75. 32
60.748 18 GPS_SOL 0 0 0 0
60.844 18 NAVIGATION 0 2 0. 0. 0. 0. 0 0
60.876 18 GPS 0 0 0 0 0 0 0 0 0 0 0
60.904 18 NAVIGATION 0 2 0. 0. 0. 0. 0 0
60.952 18 ATTITUDE 1.507901 0. 1.371786
61.001 18 DOWNLINK_STATUS 61 30359 1368 0 504. 23. 21.88
61.048 18 ESTIMATOR 0. 0.
61.092 18 NAVIGATION 0 2 0. 0. 0. 0. 0 0
61.128 18 GPS 0 0 0 0 0 0 0 0 0 0 0
61.152 18 WP_MOVED 0 665502. 5319991. 75. 32
61.172 18 BAT 0 116 0 0 1 64 0 0
61.201 18 DL_VALUE 7 1.
61.248 18 GYRO_RATES -283 -4.919988 0.
61.316 18 DESIRED 0. 0.13 0. 0. 0. 700. 0.
61.344 18 NAVIGATION 0 2 0. 0. 0. 0. 0 0
61.376 18 GPS 0 0 0 0 0 0 0 0 0 0 0
61.396 18 IR_SENSORS -18 288 306 270 31
61.428 18 COMMANDS 0,4188,-9600
61.448 18 ATTITUDE 1.509724 0. 1.372513
61.528 18 ACTUATORS 1290,1721,0,1000
61.544 18 ESTIMATOR 0. 0.
61.592 18 NAVIGATION 0 2 0. 0. 0. 0. 0 0
61.628 18 GPS 0 0 0 0 0 0 0 0 0 0 0
61.652 18 WP_MOVED 1 665460. 5319949. 75. 32
61.840 18 NAVIGATION 0 2 0. 0. 0. 0. 0 0
61.876 18 GPS 0 0 0 0 0 0 0 0 0 0 0
61.904 18 NAVIGATION 0 2 0. 0. 0. 0. 0 0
61.952 18 ATTITUDE 1.513333 0. 1.375047
61.959 18 CALIBRATION 0. 0
62.002 18 DOWNLINK_STATUS 62 30861 1391 0 502. 23. 21.88
62.044 18 ESTIMATOR 0. 0.
62.068 18 ENERGY 11.6 0. 0 0.
62.092 18 NAVIGATION 0 2 0. 0. 0. 0. 0 0
62.128 18 GPS 0 0 0 0 0 0 0 0 0 0 0
62.152 18 WP_MOVED 2 665509.5 5320029. 75. 32
62.176 18 ALIVE 92,104,209,52,136,44,36,237,67,158,184,128,68,163,6,99
62.252 18 BAT 0 116 0 0 1 65 0 0
62.264 18 PPRZ_MODE 2 0 0 0 0 6
62.328 18 FBW_STATUS 2 0 1 116 0
62.356 18 NAVIGATION 0 2 0. 0. 0. 0. 0 0
62.392 18 GPS 0 0 0 0 0 0 0 0 0 0 0
62.428 18 DESIRED 0. 0.16 0. 0. 0. 700. 0.
62.444 18 GYRO_RATES -284 -4.937373 0.
62.460 18 ATTITUDE 1.511562 0. 1.376449
62.544 18 ESTIMATOR 0. 0.
62.563 18 IR_SENSORS -16 291 307 275 34
62.592 18 NAVIGATION 0 2 0. 0. 0. 0. 0 0
62.624 18 GPS 0 0 0 0 0 0 0 0 0 0 0
62.652 18 WP_MOVED 3 665540. 5320049. 75. 32
62.663 18 DL_VALUE 8 0.
62.748 18 GPS_SOL 0 0 0 0
62.844 18 NAVIGATION 0 2 0. 0. 0. 0. 0 0
62.876 18 WIND_INFO 18 42 0. 0. 0.
62.876 18 GPS 0 0 0 0 0 0 0 0 0 0 0
62.904 18 NAVIGATION 0 2 0. 0. 0. 0. 0 0
62.948 18 ATTITUDE 1.498429 0. 1.365491
63.002 18 DOWNLINK_STATUS 63 31410 1416 0 549. 25. 21.88
63.044 18 ESTIMATOR 0. 0.
63.092 18 NAVIGATION 0 2 0. 0. 0. 0. 0 0
63.128 18 GPS 0 0 0 0 0 0 0 0 0 0 0
63.152 18 WP_MOVED 4 665470.125 5320139. 75. 32
63.344 18 NAVIGATION 0 2 0. 0. 0. 0. 0 0
63.376 18 GPS 0 0 0 0 0 0 0 0 0 0 0
63.396 18 BAT 0 116 0 0 1 67 0 0
63.432 18 DESIRED 0. 0.13 0. 0. 0. 700. 0.
63.452 18 ATTITUDE 1.50299 0. 1.367919
63.468 18 GYRO_RATES -288 -5.006913 0.
63.548 18 ESTIMATOR 0. 0.
63.592 18 NAVIGATION 0 2 0. 0. 0. 0. 0 0
63.624 18 GPS 0 0 0 0 0 0 0 0 0 0 0
63.652 18 WP_MOVED 5 665592.3125 5320088. 75. 32
63.663 18 DOWNLINK 0 508 1515
63.748 18 IR_SENSORS -16 291 307 275 34
63.840 18 NAVIGATION 0 2 0. 0. 0. 0. 0 0
63.876 18 GPS 0 0 0 0 0 0 0 0 0 0 0
63.904 18 NAVIGATION 0 2 0. 0. 0. 0. 0 0
63.948 18 ATTITUDE 1.50204 0. 1.367175
64.003 18 DOWNLINK_STATUS 64 31873 1436 0 463. 20. 21.88
64.044 18 ESTIMATOR 0. 0.
64.060 18 CALIBRATION 0. 0
64.092 18 NAVIGATION 0 2 0. 0. 0. 0. 0 0
64.128 18 GPS 0 0 0 0 0 0 0 0 0 0 0
64.152 18 WP_MOVED 6 665597. 5319937.5 75. 32
64.163 18 DL_VALUE 9 0.
64.328 18 FBW_STATUS 2 0 1 116 0
64.356 18 NAVIGATION 0 2 0. 0. 0. 0. 0 0
64.392 18 GPS 0 0 0 0 0 0 0 0 0 0 0
64.448 18 ATTITUDE 1.512454 0. 1.378487
64.484 18 DESIRED 0. 0.16 0. 0. 0. 700. 0.
64.508 18 BAT 0 116 0 0 1 68 0 0
64.544 18 ESTIMATOR 0. 0.
64.564 18 GYRO_RATES -290 -5.041684 0.
64.584 18 ENERGY 11.6 0. 0 0.
64.612 18 NAVIGATION 0 2 0. 0. 0. 0. 0 0
64.644 18 GPS 0 0 0 0 0 0 0 0 0 0 0
64.668 18 WP_MOVED 7 665340.8125 5320018.5 75. 32
64.748 18 GPS_SOL 0 0 0 0
64.844 18 NAVIGATION 0 2 0. 0. 0. 0. 0 0
64.876 18 GPS 0 0 0 0 0 0 0 0 0 0 0
64.904 18 NAVIGATION 0 2 0. 0. 0. 0. 0 0
64.952 18 ATTITUDE 1.507901 0. 1.374638
64.967 18 IR_SENSORS -21 290 311 269 34
65.004 18 DOWNLINK_STATUS 65 32398 1460 0 525. 24. 21.88
65.044 18 ESTIMATOR 0. 0.
65.092 18 NAVIGATION 0 2 0. 0. 0. 0. 0 0
65.128 18 GPS 0 0 0 0 0 0 0 0 0 0 0
65.152 18 WP_MOVED 8 665734.375 5320238.5 75. 32
65.344 18 NAVIGATION 0 2 0. 0. 0. 0. 0 0
65.376 18 GPS 0 0 0 0 0 0 0 0 0 0 0
65.448 18 ATTITUDE 1.490698 0. 1.359568
65.483 18 PONG 
65.520 18 DESIRED 0. 0.13 0. 0. 0. 700. 0.
65.548 18 ESTIMATOR 0. 0.
65.568 18 BAT 0 116 0 0 1 69 0 0
65.592 18 NAVIGATION 0 2 0. 0. 0. 0. 0 0
65.628 18 GPS 0 0 0 0 0 0 0 0 0 0 0
65.652 18 WP_MOVED 9 665345.5 5320111.5 75. 32
65.668 18 GYRO_RATES -286 -4.972143 0.
65.679 18 DL_VALUE 10 -0.062832
65.844 18 NAVIGATION 0 2 0. 0. 0. 0. 0 0
65.876 18 GPS 0 0 0 0 0 0 0 0 0 0 0
65.904 18 NAVIGATION 0 2 0. 0. 0. 0. 0 0
65.948 18 ATTITUDE 1.503926 0. 1.369379
66.004 18 DOWNLINK_STATUS 66 32851 1480 0 453. 20. 21.59
66.044 18 ESTIMATOR 0. 0.
66.092 18 NAVIGATION 0 2 0. 0. 0. 0. 0 0
66.124 18 GPS 0 0 0 0 0 0 0 0 0 0 0
66.152 18 WP_MOVED 0 665502. 5319991. 75. 32
66.167 18 IR_SENSORS -21 293 314 272 37
66.179 18 CALIBRATION 0. 0
66.328 18 FBW_STATUS 2 0 1 116 0
66.356 18 NAVIGATION 0 2 0. 0. 0. 0. 0 0
66.392 18 GPS 0 0 0 0 0 0 0 0 0 0 0
66.428 18 COMMANDS 0,4307,-9600
66.448 18 ATTITUDE 1.50299 0. 1.367919
66.532 18 ACTUATORS 1290,1714,0,1000
66.544 18 ESTIMATOR 0. 0.
66.580 18 DESIRED 0. 0.16 0. 0. 0. 700. 0.
66.608 18 NAVIGATION 0 2 0. 0. 0. 0. 0 0
66.644 18 GPS 0 0 0 0 0 0 0 0 0 0 0
66.664 18 WP_MOVED 1 665460. 5319949. 75. 32
66.684 18 BAT 0 116 0 0 1 70 0 0
66.748 18 GYRO_RATES -285 -4.954758 0.
66.764 18 GPS_SOL 0 0 0 0
66.844 18 NAVIGATION 0 2 0. 0. 0. 0. 0 0
66.876 18 GPS 0 0 0 0 0 0 0 0 0 0 0
66.905 18 NAVIGATION 0 2 0. 0. 0. 0. 0 0
66.948 18 ATTITUDE 1.508362 0. 1.374984
67.005 18 DOWNLINK_STATUS 67 33373 1504 0 522. 24. 21.59
67.044 18 ESTIMATOR 0. 0.
67.068 18 ENERGY 11.6 0. 0 0.
67.092 18 NAVIGATION 0 2 0. 0. 0. 0. 0 0
67.128 18 GPS 0 0 0 0 0 0 0 0 0 0 0
67.152 18 WP_MOVED 2 665509.5 5320029. 75. 32
67.163 18 DL_VALUE 11 0.087266
67.188 18 ALIVE 92,104,209,52,136,44,36,237,67,158,184,128,68,163,6,99
67.244 18 PPRZ_MODE 2 0 0 0 0 6
67.344 18 NAVIGATION 0 2 0. 0. 0. 0. 0 0
67.377 18 GPS 0 0 0 0 0 0 0 0 0 0 0
67.392 18 IR_SENSORS -20 290 310 270 37
67.448 18 ATTITUDE 1.498918 0. 1.366605
67.548 18 ESTIMATOR 0. 0.
67.592 18 NAVIGATION 0 2 0. 0. 0. 0. 0 0
67.628 18 GPS 0 0 0 0 0 0 0 0 0 0 0
67.664 18 DESIRED 0. 0.13 0. 0. 0. 700. 0.
67.684 18 WP_MOVED 3 665540. 5320049. 75. 32
67.752 18 BAT 0 116 0 0 1 71 0 0
67.844 18 NAVIGATION 0 2 0. 0. 0. 0. 0 0
67.878 18 GPS 0 0 0 0 0 0 0 0 0 0 0
67.904 18 NAVIGATION 0 2 0. 0. 0. 0. 0 0
67.920 18 GYRO_RATES -284 -4.937373 0.
67.948 18 ATTITUDE 1.491216 0. 1.359959
68.006 18 DOWNLINK_STATUS 68 33891 1527 0 518. 23. 21.59
68.044 18 ESTIMATOR 0. 0.
68.092 18 NAVIGATION 0 2 0. 0. 0. 0. 0 0
68.128 18 GPS 0 0 0 0 0 0 0 0 0 0 0
68.152 18 WP_MOVED 4 665470.125 5320139. 75. 32
68.243 18 CALIBRATION 0. 0
68.328 18 FBW_STATUS 2 0 1 116 0
68.356 18 NAVIGATION 0 2 0. 0. 0. 0. 0 0
68.392 18 GPS 0 0 0 0 0 0 0 0 0 0 0
68.448 18 ATTITUDE 1.502517 0. 1.368287
68.544 18 ESTIMATOR 0. 0.
68.564 18 IR_SENSORS -22 299 321 277 36
68.592 18 NAVIGATION 0 2 0. 0. 0. 0. 0 0
68.628 18 GPS 0 0 0 0 0 0 0 0 0 0 0
68.652 18 WP_MOVED 5 665592.3125 5320088. 75. 32
68.688 18 DESIRED 0. 0.16 0. 0. 0. 700. 0.
68.700 18 DL_VALUE 0 700.
68.747 18 GPS_SOL 0 0 0 0
68.760 18 DOWNLINK 0 492 1629
68.844 18 NAVIGATION 0 2 0. 0. 0. 0. 0 0
68.880 18 GPS 0 0 0 0 0 0 0 0 0 0 0
68.904 18 NAVIGATION 0 2 0. 0. 0. 0. 0 0
68.924 18 BAT 0 116 0 0 1 72 0 0
68.948 18 ATTITUDE 1.498101 0. 1.367919
68.964 18 GYRO_RATES -284 -4.937373 0.
69.007 18 DOWNLINK_STATUS 69 34407 1551 0 516. 24. 21.59
69.044 18 ESTIMATOR 0. 0.
69.092 18 NAVIGATION 0 2 0. 0. 0. 0. 0 0
69.124 18 GPS 0 0 0 0 0 0 0 0 0 0 0
69.152 18 WP_MOVED 6 665597. 5319937.5 75. 32
69.340 18 NAVIGATION 0 2 0. 0. 0. 0. 0 0
69.376 18 GPS 0 0 0 0 0 0 0 0 0 0 0
69.452 18 ATTITUDE 1.509273 0. 1.37567
69.463 18 NAVIGATION_REF 665460 5319949 32
69.544 18 ESTIMATOR 0. 0.
69.564 18 ENERGY 11.6 0. 0 0.
69.592 18 NAVIGATION 0 2 0. 0. 0. 0. 0 0
69.628 18 GPS 0 0 0 0 0 0 0 0 0 0 0
69.652 18 WP_MOVED 7 665340.8125 5320018.5 75. 32
69.716 18 DESIRED 0. 0.13 0. 0. 0. 700. 0.
69.748 18 IR_SENSORS -21 294 315 273 37
69.840 18 NAVIGATION 0 2 0. 0. 0. 0. 0 0
69.876 18 GPS 0 0 0 0 0 0 0 0 0 0 0
69.904 18 NAVIGATION 0 2 0. 0. 0. 0. 0 0
69.952 18 ATTITUDE 1.497936 0. 1.365115
69.972 18 BAT 0 116 0 0 1 73 0 0
70.008 18 DOWNLINK_STATUS 70 34878 1571 0 471. 20. 21.59
70.044 18 ESTIMATOR 0. 0.
70.060 18 GYRO_RATES -280 -4.867832 0.
70.092 18 NAVIGATION 0 2 0. 0. 0. 0. 0 0
70.124 18 GPS 0 0 0 0 0 0 0 0 0 0 0
70.152 18 WP_MOVED 8 665734.375 5320238.5 75. 32
70.163 18 DL_VALUE 1 0.
70.328 18 FBW_STATUS 2 0 1 116 0
70.356 18 NAVIGATION 0 2 0. 0. 0. 0. 0 0
70.392 18 GPS 0 0 0 0 0 0 0 0 0 0 0
70.400 18 CALIBRATION 0. 0
70.448 18 ATTITUDE 1.490176 0. 1.359175
70.483 18 PONG 
70.544 18 ESTIMATOR 0. 0.
70.592 18 NAVIGATION 0 2 0. 0. 0. 0. 0 0
70.624 18 GPS 0 0 0 0 0 0 0 0 0 0 0
70.652 18 WP_MOVED 9 665345.5 5320111.5 75. 32
70.768 18 DESIRED 0. 0.16 0. 0. 0. 700. 0.
70.783 18 GPS_SOL 0 0 0 0
70.840 18 NAVIGATION 0 2 0. 0. 0. 0. 0 0
70.876 18 GPS 0 0 0 0 0 0 0 0 0 0 0
70.904 18 NAVIGATION 0 2 0. 0. 0. 0. 0 0
70.952 18 ATTITUDE 1.503926 0. 1.369379
70.968 18 IR_SENSORS -19 295 314 276 36
71.009 18 DOWNLINK_STATUS 71 35369 1594 0 491. 23. 20.61
71.044 18 ESTIMATOR 0. 0.
71.068 18 BAT 0 116 0 0 1 74 0 0
71.092 18 NAVIGATION 0 2 0. 0. 0. 0. 0 0
71.128 18 GPS 0 0 0 0 0 0 0 0 0 0 0
71.152 18 WP_MOVED 0 665502. 5319991. 75. 32
71.168 18 GYRO_RATES -288 -5.006913 0.
71.340 18 NAVIGATION 0 2 0. 0. 0. 0. 0 0
71.376 18 GPS 0 0 0 0 0 0 0 0 0 0 0
71.428 18 COMMANDS 0,4309,-9600
71.448 18 ATTITUDE 1.50299 0. 1.367919
71.528 18 ACTUATORS 1290,1714,0,1000
71.548 18 ESTIMATOR 0. 0.
71.592 18 NAVIGATION 0 2 0. 0. 0. 0. 0 0
71.624 18 GPS 0 0 0 0 0 0 0 0 0 0 0
71.652 18 WP_MOVED 1 665460. 5319949. 75. 32
71.664 18 DL_VALUE 2 0.
71.816 18 DESIRED 0. 0.13 0. 0. 0. 700. 0.
71.844 18 NAVIGATION 0 2 0. 0. 0. 0. 0 0
71.884 18 GPS 0 0 0 0 0 0 0 0 0 0 0
71.905 18 NAVIGATION 0 2 0. 0. 0. 0. 0 0
71.948 18 ATTITUDE 1.507437 0. 1.374984
72.009 18 DOWNLINK_STATUS 72 35844 1615 0 475. 21. 20.61
72.048 18 ESTIMATOR 0. 0.
72.068 18 ENERGY 11.6 0. 0 0.
72.096 18 NAVIGATION 0 2 0. 0. 0. 0. 0 0
72.128 18 GPS 0 0 0 0 0 0 0 0 0 0 0
72.152 18 WP_MOVED 2 665509.5 5320029. 75. 32
72.172 18 BAT 0 116 0 0 1 75 0 0
72.188 18 IR_SENSORS -22 294 316 272 36
72.212 18 ALIVE 92,104,209,52,136,44,36,237,67,158,184,128,68,163,6,99
72.248 18 GYRO_RATES -288 -5.006913 0.
72.260 18 PPRZ_MODE 2 0 0 0 0 6
72.328 18 FBW_STATUS 2 0 1 116 0
72.356 18 NAVIGATION 0 2 0. 0. 0. 0. 0 0
72.392 18 GPS 0 0 0 0 0 0 0 0 0 0 0
72.448 18 ATTITUDE 1.498918 0. 1.366605
72.463 18 CALIBRATION 0. 0
72.544 18 ESTIMATOR 0. 0.
72.592 18 NAVIGATION 0 2 0. 0. 0. 0. 0 0
72.624 18 GPS 0 0 0 0 0 0 0 0 0 0 0
72.652 18 WP_MOVED 3 665540. 5320049. 75. 32
72.748 18 GPS_SOL 0 0 0 0
72.840 18 NAVIGATION 0 2 0. 0. 0. 0. 0 0
72.874 18 WIND_INFO 18 42 0. 0. 0.
72.875 18 GPS 0 0 0 0 0 0 0 0 0 0 0
72.904 18 NAVIGATION 0 2 0. 0. 0. 0. 0 0
72.940 18 DESIRED 0. 0.16 0. 0. 0. 700. 0.
72.956 18 ATTITUDE 1.491731 0. 1.360347
73.010 18 DOWNLINK_STATUS 73 36393 1640 0 549. 25. 20.61
73.044 18 ESTIMATOR 0. 0.
73.092 18 NAVIGATION 0 2 0. 0. 0. 0. 0 0
73.124 18 GPS 0 0 0 0 0 0 0 0 0 0 0
73.152 18 WP_MOVED 4 665470.125 5320139. 75. 32
73.164 18 DL_VALUE 3 0.
73.252 18 BAT 0 116 0 0 1 76 0 0
73.340 18 NAVIGATION 0 2 0. 0. 0. 0. 0 0
73.376 18 GPS 0 0 0 0 0 0 0 0 0 0 0
73.392 18 GYRO_RATES -287 -4.989528 0.
73.412 18 IR_SENSORS -22 291 313 269 36
73.448 18 ATTITUDE 1.492242 0. 1.359959
73.544 18 ESTIMATOR 0. 0.
73.592 18 NAVIGATION 0 2 0. 0. 0. 0. 0 0
73.628 18 GPS 0 0 0 0 0 0 0 0 0 0 0
73.652 18 WP_MOVED 5 665592.3125 5320088. 75. 32
73.840 18 NAVIGATION 0 2 0. 0. 0. 0. 0 0
73.876 18 GPS 0 0 0 0 0 0 0 0 0 0 0
73.904 18 NAVIGATION 0 2 0. 0. 0. 0. 0 0
73.916 18 DOWNLINK 0 499 1743
73.952 18 DESIRED 0. 0.13 0. 0. 0. 700. 0.
73.968 18 ATTITUDE 1.498918 0. 1.368772
74.011 18 DOWNLINK_STATUS 74 36867 1661 0 474. 21. 20.61
74.044 18 ESTIMATOR 0. 0.
74.092 18 NAVIGATION 0 2 0. 0. 0. 0. 0 0
74.124 18 GPS 0 0 0 0 0 0 0 0 0 0 0
74.152 18 WP_MOVED 6 665597. 5319937.5 75. 32
74.328 18 FBW_STATUS 2 0 1 116 0
74.356 18 NAVIGATION 0 2 0. 0. 0. 0. 0 0
74.395 18 GPS 0 0 0 0 0 0 0 0 0 0 0
74.412 18 BAT 0 116 0 0 1 78 0 0
74.448 18 ATTITUDE 1.479309 0. 1.351393
74.468 18 GYRO_RATES -289 -5.024298 0.
74.544 18 ESTIMATOR 0. 0.
74.564 18 IR_SENSORS -22 301 323 279 39
74.572 18 CALIBRATION 0. 0
74.596 18 ENERGY 11.6 0. 0 0.
74.620 18 NAVIGATION 0 2 0. 0. 0. 0. 0 0
74.656 18 GPS 0 0 0 0 0 0 0 0 0 0 0
74.680 18 WP_MOVED 7 665340.8125 5320018.5 75. 32
74.687 18 DL_VALUE 4 80.
74.747 18 GPS_SOL 0 0 0 0
74.840 18 NAVIGATION 0 2 0. 0. 0. 0. 0 0
74.876 18 GPS 0 0 0 0 0 0 0 0 0 0 0
74.904 18 NAVIGATION 0 2 0. 0. 0. 0. 0 0
74.948 18 ATTITUDE 1.487616 0. 1.358401
74.988 18 DESIRED 0. 0.15 0. 0. 0. 700. 0.
75.011 18 DOWNLINK_STATUS 75 37392 1685 0 525. 24. 20.61
75.044 18 ESTIMATOR 0. 0.
75.092 18 NAVIGATION 0 2 0. 0. 0. 0. 0 0
75.128 18 GPS 0 0 0 0 0 0 0 0 0 0 0
75.152 18 WP_MOVED 8 665734.375 5320238.5 75. 32
75.340 18 NAVIGATION 0 2 0. 0. 0. 0. 0 0
75.376 18 GPS 0 0 0 0 0 0 0 0 0 0 0
75.452 18 ATTITUDE 1.490215 0. 1.360318
75.472 18 BAT 0 116 0 0 1 79 0 0
75.483 18 PONG 
75.544 18 ESTIMATOR 0. 0.
75.564 18 GYRO_RATES -296 -5.145994 0.
75.592 18 NAVIGATION 0 2 0. 0. 0. 0. 0 0
75.628 18 GPS 0 0 0 0 0 0 0 0 0 0 0
75.652 18 WP_MOVED 9 665345.5 5320111.5 75. 32
75.748 18 IR_SENSORS -25 298 323 273 39
75.844 18 NAVIGATION 0 2 0. 0. 0. 0. 0 0
75.876 18 GPS 0 0 0 0 0 0 0 0 0 0 0
75.904 18 NAVIGATION 0 2 0. 0. 0. 0. 0 0
75.948 18 ATTITUDE 1.487616 0. 1.362178
76.012 18 DOWNLINK_STATUS 76 37816 1704 0 424. 19. 20.01
76.016 18 DESIRED 0. 0.13 0. 0. 0. 700. 0.
76.044 18 ESTIMATOR 0. 0.
76.092 18 NAVIGATION 0 2 0. 0. 0. 0. 0 0
76.124 18 GPS 0 0 0 0 0 0 0 0 0 0 0
76.152 18 WP_MOVED 0 665502. 5319991. 75. 32
76.164 18 DL_VALUE 5 2.
76.328 18 FBW_STATUS 2 0 1 116 0
76.356 18 NAVIGATION 0 2 0. 0. 0. 0. 0 0
76.392 18 GPS 0 0 0 0 0 0 0 0 0 0 0
76.439 18 COMMANDS 0,4355,-9600
76.448 18 ATTITUDE 1.490176 0. 1.362999
76.528 18 ACTUATORS 1290,1713,0,1000
76.544 18 ESTIMATOR 0. 0.
76.568 18 BAT 0 116 0 0 1 80 0 0
76.592 18 NAVIGATION 0 2 0. 0. 0. 0. 0 0
76.628 18 GPS 0 0 0 0 0 0 0 0 0 0 0
76.652 18 WP_MOVED 1 665460. 5319949. 75. 32
76.668 18 GYRO_RATES -296 -5.145994 0.
76.679 18 CALIBRATION 0. 0
76.748 18 GPS_SOL 0 0 0 0
76.840 18 NAVIGATION 0 2 0. 0. 0. 0. 0 0
76.876 18 GPS 0 0 0 0 0 0 0 0 0 0 0
76.904 18 NAVIGATION 0 2 0. 0. 0. 0. 0 0
76.948 18 ATTITUDE 1.477964 0. 1.352385
76.967 18 IR_SENSORS -26 300 326 274 43
77.012 18 DOWNLINK_STATUS 77 38349 1729 0 533. 25. 20.01
77.044 18 ESTIMATOR 0. 0.
77.080 18 DESIRED 0. 0.15 0. 0. 0. 700. 0.
77.104 18 ENERGY 11.6 0. 0 0.
77.128 18 NAVIGATION 0 2 0. 0. 0. 0. 0 0
77.164 18 GPS 0 0 0 0 0 0 0 0 0 0 0
77.184 18 WP_MOVED 2 665509.5 5320029. 75. 32
77.208 18 ALIVE 92,104,209,52,136,44,36,237,67,158,184,128,68,163,6,99
77.243 18 PPRZ_MODE 2 0 0 0 0 6
77.340 18 NAVIGATION 0 2 0. 0. 0. 0. 0 0
77.376 18 GPS 0 0 0 0 0 0 0 0 0 0 0
77.448 18 ATTITUDE 1.478521 0. 1.352782
77.548 18 ESTIMATOR 0. 0.
77.592 18 NAVIGATION 0 2 0. 0. 0. 0. 0 0
77.624 18 GPS 0 0 0 0 0 0 0 0 0 0 0
77.652 18 WP_MOVED 3 665540. 5320049. 75. 32
77.672 18 BAT 0 116 0 0 1 81 0 0
77.683 18 DL_VALUE 6 0.
77.748 18 GYRO_RATES -296 -5.145994 0.
77.840 18 NAVIGATION 0 2 0. 0. 0. 0. 0 0
77.876 18 GPS 0 0 0 0 0 0 0 0 0 0 0
77.904 18 NAVIGATION 0 2 0. 0. 0. 0. 0 0
77.952 18 ATTITUDE 1.471429 0. 1.347595
78.012 18 DOWNLINK_STATUS 78 38851 1751 0 502. 22. 20.01
78.044 18 ESTIMATOR 0. 0.
78.092 18 NAVIGATION 0 2 0. 0. 0. 0. 0 0
78.124 18 GPS 0 0 0 0 0 0 0 0 0 0 0
78.160 18 DESIRED 0. 0.14 0. 0. 0. 700. 0.
78.184 18 WP_MOVED 4 665470.125 5320139. 75. 32
78.200 18 IR_SENSORS -25 304 329 279 43
78.328 18 FBW_STATUS 2 0 1 116 0
78.356 18 NAVIGATION 0 2 0. 0. 0. 0. 0 0
78.395 18 GPS 0 0 0 0 0 0 0 0 0 0 0
78.448 18 ATTITUDE 1.477964 0. 1.356246
78.463 18 NAVIGATION_REF 665460 5319949 32
78.544 18 ESTIMATOR 0. 0.
78.592 18 NAVIGATION 0 2 0. 0. 0. 0. 0 0
78.624 18 GPS 0 0 0 0 0 0 0 0 0 0 0
78.652 18 WP_MOVED 5 665592.3125 5320088. 75. 32
78.752 18 BAT 0 116 0 0 1 82 0 0
78.767 18 GPS_SOL 0 0 0 0
78.779 18 CALIBRATION 0. 0
78.840 18 NAVIGATION 0 2 0. 0. 0. 0. 0 0
78.876 18 GPS 0 0 0 0 0 0 0 0 0 0 0
78.904 18 NAVIGATION 0 2 0. 0. 0. 0. 0 0
78.920 18 GYRO_RATES -294 -5.111224 0.
78.948 18 ATTITUDE 1.477403 0. 1.355111
78.959 18 DOWNLINK 0 501 1859
79.013 18 DOWNLINK_STATUS 79 39371 1775 0 520. 24. 20.01
79.044 18 ESTIMATOR 0. 0.
79.092 18 NAVIGATION 0 2 0. 0. 0. 0. 0 0
79.124 18 GPS 0 0 0 0 0 0 0 0 0 0 0
79.152 18 WP_MOVED 6 665597. 5319937.5 75. 32
79.188 18 DESIRED 0. 0.15 0. 0. 0. 700. 0.
79.199 18 DL_VALUE 7 1.
79.340 18 NAVIGATION 0 2 0. 0. 0. 0. 0 0
79.376 18 GPS 0 0 0 0 0 0 0 0 0 0 0
79.391 18 IR_SENSORS -27 303 330 276 45
79.448 18 ATTITUDE 1.460824 0. 1.341215
79.544 18 ESTIMATOR 0. 0.
79.568 18 ENERGY 11.6 0. 0 0.
79.592 18 NAVIGATION 0 2 0. 0. 0. 0. 0 0
79.628 18 GPS 0 0 0 0 0 0 0 0 0 0 0
79.652 18 WP_MOVED 7 665340.8125 5320018.5 75. 32
79.840 18 NAVIGATION 0 2 0. 0. 0. 0. 0 0
79.876 18 GPS 0 0 0 0 0 0 0 0 0 0 0
79.904 18 NAVIGATION 0 2 0. 0. 0. 0. 0 0
79.924 18 BAT 0 116 0 0 1 83 0 0
79.948 18 ATTITUDE 1.462047 0. 1.342872
79.964 18 GYRO_RATES -299 -5.19815 0.
80.013 18 DOWNLINK_STATUS 80 39854 1796 0 483. 21. 20.01
80.044 18 ESTIMATOR 0. 0.
80.092 18 NAVIGATION 0 2 0. 0. 0. 0. 0 0
80.124 18 GPS 0 0 0 0 0 0 0 0 0 0 0
80.152 18 WP_MOVED 8 665734.375 5320238.5 75. 32
80.216 18 DESIRED 0. 0.14 0. 0. 0. 700. 0.
80.328 18 FBW_STATUS 2 0 1 116 0
80.356 18 NAVIGATION 0 2 0. 0. 0. 0. 0 0
80.388 18 GPS 0 0 0 0 0 0 0 0 0 0 0
80.448 18 ATTITUDE 1.462652 0. 1.34328
80.483 18 PONG 
80.544 18 ESTIMATOR 0. 0.
80.560 18 IR_SENSORS -35 313 348 278 51
80.592 18 NAVIGATION 0 2 0. 0. 0. 0. 0 0
80.628 18 GPS 0 0 0 0 0 0 0 0 0 0 0
80.652 18 WP_MOVED 9 665345.5 5320111.5 75. 32
80.663 18 DL_VALUE 8 0.
80.748 18 GPS_SOL 0 0 0 0
80.840 18 NAVIGATION 0 2 0. 0. 0. 0. 0 0
80.876 18 GPS 0 0 0 0 0 0 0 0 0 0 0
80.904 18 NAVIGATION 0 2 0. 0. 0. 0. 0 0
80.919 18 CALIBRATION 0. 0
80.948 18 ATTITUDE 1.458956 0. 1.34409
80.968 18 BAT 0 116 0 0 1 84 0 0
81.014 18 DOWNLINK_STATUS 81 40349 1819 0 495. 23. 19.62
81.044 18 ESTIMATOR 0. 0.
81.060 18 GYRO_RATES -303 -5.26769 0.
81.092 18 NAVIGATION 0 2 0. 0. 0. 0. 0 0
81.124 18 GPS 0 0 0 0 0 0 0 0 0 0 0
81.152 18 WP_MOVED 0 665502. 5319991. 75. 32
81.268 18 DESIRED 0. 0.15 0. 0. 0. 700. 0.
81.340 18 NAVIGATION 0 2 0. 0. 0. 0. 0 0
81.376 18 GPS 0 0 0 0 0 0 0 0 0 0 0
81.428 18 COMMANDS 0,4273,-9600
81.452 18 ATTITUDE 1.466698 0. 1.349442
81.528 18 ACTUATORS 1290,1716,0,1000
81.544 18 ESTIMATOR 0. 0.
81.592 18 NAVIGATION 0 2 0. 0. 0. 0. 0 0
81.624 18 GPS 0 0 0 0 0 0 0 0 0 0 0
81.652 18 WP_MOVED 1 665460. 5319949. 75. 32
81.748 18 IR_SENSORS -34 313 347 279 51
81.840 18 NAVIGATION 0 2 0. 0. 0. 0. 0 0
81.876 18 GPS 0 0 0 0 0 0 0 0 0 0 0
81.904 18 NAVIGATION 0 2 0. 0. 0. 0. 0 0
81.952 18 ATTITUDE 1.451552 0. 1.335923
82.015 18 DOWNLINK_STATUS 82 40809 1839 0 460. 20. 19.62
82.044 18 ESTIMATOR 0. 0.
82.064 18 BAT 0 116 0 0 1 85 0 0
82.088 18 ENERGY 11.6 0. 0 0.
82.116 18 NAVIGATION 0 2 0. 0. 0. 0. 0 0
82.148 18 GPS 0 0 0 0 0 0 0 0 0 0 0
82.172 18 WP_MOVED 2 665509.5 5320029. 75. 32
82.188 18 GYRO_RATES -304 -5.285075 0.
82.196 18 DL_VALUE 9 0.
82.220 18 ALIVE 92,104,209,52,136,44,36,237,67,158,184,128,68,163,6,99
82.244 18 PPRZ_MODE 2 0 0 0 0 6
82.316 18 DESIRED 0. 0.14 0. 0. 0. 700. 0.
82.332 18 FBW_STATUS 2 0 1 116 0
82.356 18 NAVIGATION 0 2 0. 0. 0. 0. 0 0
82.392 18 GPS 0 0 0 0 0 0 0 0 0 0 0
82.448 18 ATTITUDE 1.446744 0. 1.334781
82.544 18 ESTIMATOR 0. 0.
82.592 18 NAVIGATION 0 2 0. 0. 0. 0. 0 0
82.628 18 GPS 0 0 0 0 0 0 0 0 0 0 0
82.652 18 WP_MOVED 3 665540. 5320049. 75. 32
82.748 18 GPS_SOL 0 0 0 0
82.840 18 NAVIGATION 0 2 0. 0. 0. 0. 0 0
82.875 18 WIND_INFO 18 42 0. 0. 0.
82.875 18 GPS 0 0 0 0 0 0 0 0 0 0 0
82.904 18 NAVIGATION 0 2 0. 0. 0. 0. 0 0
82.948 18 ATTITUDE 1.448062 0. 1.338889
82.964 18 IR_SENSORS -40 317 357 277 52
82.976 18 CALIBRATION 0. 0
83.016 18 DOWNLINK_STATUS 83 41369 1865 0 560. 26. 19.62
83.044 18 ESTIMATOR 0. 0.
83.092 18 NAVIGATION 0 2 0. 0. 0. 0. 0 0
83.128 18 GPS 0 0 0 0 0 0 0 0 0 0 0
83.152 18 WP_MOVED 4 665470.125 5320139. 75. 32
83.172 18 BAT 0 116 0 0 1 86 0 0
83.248 18 GYRO_RATES -305 -5.30246 0.
83.344 18 NAVIGATION 0 2 0. 0. 0. 0. 0 0
83.376 18 GPS 0 0 0 0 0 0 0 0 0 0 0
83.412 18 DESIRED 0. 0.15 0. 0. 0. 700. 0.
83.448 18 ATTITUDE 1.450257 0. 1.340047
83.544 18 ESTIMATOR 0. 0.
83.592 18 NAVIGATION 0 2 0. 0. 0. 0. 0 0
83.624 18 GPS 0 0 0 0 0 0 0 0 0 0 0
83.652 18 WP_MOVED 5 665592.3125 5320088. 75. 32
83.663 18 DL_VALUE 10 -0.062832
83.840 18 NAVIGATION 0 2 0. 0. 0. 0. 0 0
83.876 18 GPS 0 0 0 0 0 0 0 0 0 0 0
83.904 18 NAVIGATION 0 2 0. 0. 0. 0. 0 0
83.948 18 ATTITUDE 1.42997 0. 1.322992
84.016 18 DOWNLINK_STATUS 84 41816 1884 0 447. 19. 19.62
84.044 18 ESTIMATOR 0. 0.
84.056 18 DOWNLINK 0 484 1970
84.092 18 NAVIGATION 0 2 0. 0. 0. 0. 0 0
84.124 18 GPS 0 0 0 0 0 0 0 0 0 0 0
84.152 18 WP_MOVED 6 665597. 5319937.5 75. 32
84.168 18 IR_SENSORS -40 319 359 279 58
84.252 18 BAT 0 116 0 0 1 87 0 0
84.328 18 FBW_STATUS 2 0 1 116 0
84.356 18 NAVIGATION 0 2 0. 0. 0. 0. 0 0
84.388 18 GPS 0 0 0 0 0 0 0 0 0 0 0
84.408 18 GYRO_RATES -307 -5.337231 0.
84.444 18 DESIRED 0. 0.14 0. 0. 0. 700. 0.
84.460 18 ATTITUDE 1.433497 0. 1.324325
84.544 18 ESTIMATOR 0. 0.
84.564 18 ENERGY 11.6 0. 0 0.
84.596 18 NAVIGATION 0 2 0. 0. 0. 0. 0 0
84.628 18 GPS 0 0 0 0 0 0 0 0 0 0 0
84.652 18 WP_MOVED 7 665340.8125 5320018.5 75. 32
84.748 18 GPS_SOL 0 0 0 0
84.840 18 NAVIGATION 0 2 0. 0. 0. 0. 0 0
84.876 18 GPS 0 0 0 0 0 0 0 0 0 0 0
84.906 18 NAVIGATION 0 2 0. 0. 0. 0. 0 0
84.948 18 ATTITUDE 1.4321 0. 1.32607
85.017 18 DOWNLINK_STATUS 85 42330 1907 0 514. 23. 19.62
85.043 18 ESTIMATOR 0. 0.
85.055 18 CALIBRATION 0. 0
85.092 18 NAVIGATION 0 2 0. 0. 0. 0. 0 0
85.124 18 GPS 0 0 0 0 0 0 0 0 0 0 0
85.152 18 WP_MOVED 8 665734.375 5320238.5 75. 32
85.163 18 DL_VALUE 11 0.087266
85.340 18 NAVIGATION 0 2 0. 0. 0. 0. 0 0
85.376 18 GPS 0 0 0 0 0 0 0 0 0 0 0
85.396 18 BAT 0 116 0 0 1 89 0 0
85.412 18 IR_SENSORS -40 316 356 276 60
85.448 18 ATTITUDE 1.42925 0. 1.328617
85.484 18 DESIRED 0. 0.15 0. 0. 0. 700. 0.
85.504 18 GYRO_RATES -315 -5.476311 0.
85.507 18 PONG 
85.544 18 ESTIMATOR 0. 0.
85.592 18 NAVIGATION 0 2 0. 0. 0. 0. 0 0
85.624 18 GPS 0 0 0 0 0 0 0 0 0 0 0
85.652 18 WP_MOVED 9 665345.5 5320111.5 75. 32
85.840 18 NAVIGATION 0 2 0. 0. 0. 0. 0 0
85.876 18 GPS 0 0 0 0 0 0 0 0 0 0 0
85.904 18 NAVIGATION 0 2 0. 0. 0. 0. 0 0
85.948 18 ATTITUDE 1.438309 0. 1.334373
86.018 18 DOWNLINK_STATUS 86 42810 1929 0 480. 22. 42.88
86.044 18 ESTIMATOR 0. 0.
86.088 18 NAVIGATION 0 2 0. 0. 0. 0. 0 0
86.124 18 GPS 0 0 0 0 0 0 0 0 0 0 0
86.152 18 WP_MOVED 0 665502. 5319991. 75. 32
86.328 18 FBW_STATUS 2 0 1 116 0
86.356 18 NAVIGATION 0 2 0. 0. 0. 0. 0 0
86.392 18 GPS 0 0 0 0 0 0 0 0 0 0 0
86.428 18 COMMANDS 0,3984,-9600
86.448 18 ATTITUDE 1.411546 0. 1.313525
86.472 18 BAT 0 116 0 0 1 90 0 0
86.516 18 DESIRED 0. 0.14 0. 0. 0. 700. 0.
86.531 18 ACTUATORS 1290,1730,0,1000
86.544 18 ESTIMATOR 0. 0.
86.560 18 GYRO_RATES -319 -5.545852 0.
86.579 18 IR_SENSORS -42 324 366 282 61
86.608 18 NAVIGATION 0 2 0. 0. 0. 0. 0 0
86.640 18 GPS 0 0 0 0 0 0 0 0 0 0 0
86.660 18 WP_MOVED 1 665460. 5319949. 75. 32
86.672 18 DL_VALUE 0 700.
86.747 18 GPS_SOL 0 0 0 0
86.840 18 NAVIGATION 0 2 0. 0. 0. 0. 0 0
86.876 18 GPS 0 0 0 0 0 0 0 0 0 0 0
86.904 18 NAVIGATION 0 2 0. 0. 0. 0. 0 0
86.948 18 ATTITUDE 1.411546 0. 1.312611
87.019 18 DOWNLINK_STATUS 87 43332 1953 0 522. 24. 42.88
87.044 18 ESTIMATOR 0. 0.
87.064 18 ENERGY 11.6 0. 0 0.
87.092 18 NAVIGATION 0 2 0. 0. 0. 0. 0 0
87.128 18 GPS 0 0 0 0 0 0 0 0 0 0 0
87.152 18 WP_MOVED 2 665509.5 5320029. 75. 32
87.163 18 CALIBRATION 0. 0
87.184 18 ALIVE 92,104,209,52,136,44,36,237,67,158,184,128,68,163,6,99
87.244 18 PPRZ_MODE 2 0 0 0 0 6
87.340 18 NAVIGATION 0 2 0. 0. 0. 0. 0 0
87.376 18 GPS 0 0 0 0 0 0 0 0 0 0 0
87.448 18 ATTITUDE 1.402537 0. 1.314933
87.463 18 NAVIGATION_REF 665460 5319949 32
87.544 18 ESTIMATOR 0. 0.
87.580 18 DESIRED 0. 0.15 0. 0. 0. 700. 0.
87.600 18 BAT 0 116 0 0 1 91 0 0
87.628 18 NAVIGATION 0 2 0. 0. 0. 0. 0 0
87.664 18 GPS 0 0 0 0 0 0 0 0 0 0 0
87.684 18 WP_MOVED 3 665540. 5320049. 75. 32
87.700 18 GYRO_RATES -318 -5.528467 0.
87.748 18 IR_SENSORS -49 324 373 275 61
87.840 18 NAVIGATION 0 2 0. 0. 0. 0. 0 0
87.876 18 GPS 0 0 0 0 0 0 0 0 0 0 0
87.904 18 NAVIGATION 0 2 0. 0. 0. 0. 0 0
87.948 18 ATTITUDE 1.410774 0. 1.32008
88.020 18 DOWNLINK_STATUS 88 43865 1977 0 533. 24. 42.88
88.044 18 ESTIMATOR 0. 0.
88.092 18 NAVIGATION 0 2 0. 0. 0. 0. 0 0
88.124 18 GPS 0 0 0 0 0 0 0 0 0 0 0
88.152 18 WP_MOVED 4 665470.125 5320139. 75. 32
88.163 18 DL_VALUE 1 0.
88.328 18 FBW_STATUS 2 0 1 116 0
88.356 18 NAVIGATION 0 2 0. 0. 0. 0. 0 0
88.392 18 GPS 0 0 0 0 0 0 0 0 0 0 0
88.448 18 ATTITUDE 1.386103 0. 1.300892
88.544 18 ESTIMATOR 0. 0.
88.592 18 NAVIGATION 0 2 0. 0. 0. 0. 0 0
88.624 18 GPS 0 0 0 0 0 0 0 0 0 0 0
88.660 18 DESIRED 0. 0.15 0. 0. 0. 700. 0.
88.680 18 WP_MOVED 5 665592.3125 5320088. 75. 32
88.704 18 BAT 0 116 0 0 1 92 0 0
88.748 18 GYRO_RATES -322 -5.598007 0.
88.763 18 GPS_SOL 0 0 0 0
88.840 18 NAVIGATION 0 2 0. 0. 0. 0. 0 0
88.876 18 GPS 0 0 0 0 0 0 0 0 0 0 0
88.904 18 NAVIGATION 0 2 0. 0. 0. 0. 0 0
88.948 18 ATTITUDE 1.386958 0. 1.301362
88.968 18 IR_SENSORS -51 329 380 278 70
89.021 18 DOWNLINK_STATUS 89 44359 1999 0 494. 22. 42.88
89.044 18 ESTIMATOR 0. 0.
89.092 18 NAVIGATION 0 2 0. 0. 0. 0. 0 0
89.124 18 GPS 0 0 0 0 0 0 0 0 0 0 0
89.152 18 WP_MOVED 6 665597. 5319937.5 75. 32
89.163 18 DOWNLINK 0 514 2088
89.240 18 CALIBRATION 0. 0
89.340 18 NAVIGATION 0 2 0. 0. 0. 0. 0 0
89.376 18 GPS 0 0 0 0 0 0 0 0 0 0 0
89.448 18 ATTITUDE 1.395288 0. 1.30574
89.544 18 ESTIMATOR 0. 0.
89.564 18 ENERGY 11.6 0. 0 0.
89.592 18 NAVIGATION 0 2 0. 0. 0. 0. 0 0
89.628 18 GPS 0 0 0 0 0 0 0 0 0 0 0
89.652 18 WP_MOVED 7 665340.8125 5320018.5 75. 32
89.688 18 DESIRED 0. 0.14 0. 0. 0. 700. 0.
89.696 18 DL_VALUE 2 0.
89.752 18 BAT 0 116 0 0 1 93 0 0
89.840 18 NAVIGATION 0 2 0. 0. 0. 0. 0 0
89.876 18 GPS 0 0 0 0 0 0 0 0 0 0 0
89.904 18 NAVIGATION 0 2 0. 0. 0. 0. 0 0
89.920 18 GYRO_RATES -326 -5.667548 0.
89.948 18 ATTITUDE 1.378446 0. 1.301881
90.022 18 DOWNLINK_STATUS 90 44848 2021 0 489. 22. 42.88
90.044 18 ESTIMATOR 0. 0.
90.092 18 NAVIGATION 0 2 0. 0. 0. 0. 0 0
90.124 18 GPS 0 0 0 0 0 0 0 0 0 0 0
90.152 18 WP_MOVED 8 665734.375 5320238.5 75. 32
90.167 18 IR_SENSORS -52 331 383 279 72
90.328 18 FBW_STATUS 2 0 1 116 0
90.356 18 NAVIGATION 0 2 0. 0. 0. 0. 0 0
90.392 18 GPS 0 0 0 0 0 0 0 0 0 0 0
90.448 18 ATTITUDE 1.378446 0. 1.301881
90.483 18 PONG 
90.544 18 ESTIMATOR 0. 0.
90.588 18 NAVIGATION 0 2 0. 0. 0. 0. 0 0
90.624 18 GPS 0 0 0 0 0 0 0 0 0 0 0
90.652 18 WP_MOVED 9 665345.5 5320111.5 75. 32
90.716 18 DESIRED 0. 0.15 0. 0. 0. 700. 0.
90.747 18 GPS_SOL 0 0 0 0
90.840 18 NAVIGATION 0 2 0. 0. 0. 0. 0 0
90.876 18 GPS 0 0 0 0 0 0 0 0 0 0 0
90.904 18 NAVIGATION 0 2 0. 0. 0. 0. 0 0
90.924 18 BAT 0 116 0 0 1 94 0 0
90.948 18 ATTITUDE 1.361945 0. 1.288087
90.964 18 GYRO_RATES -325 -5.650163 0.
91.023 18 DOWNLINK_STATUS 91 45337 2043 0 489. 22. 18.6
91.043 18 ESTIMATOR 0. 0.
91.092 18 NAVIGATION 0 2 0. 0. 0. 0. 0 0
91.124 18 GPS 0 0 0 0 0 0 0 0 0 0 0
91.152 18 WP_MOVED 0 665502. 5319991. 75. 32
91.160 18 DL_VALUE 3 0.
91.340 18 NAVIGATION 0 2 0. 0. 0. 0. 0 0
91.376 18 GPS 0 0 0 0 0 0 0 0 0 0 0
91.391 18 IR_SENSORS -53 336 389 283 72
91.403 18 CALIBRATION 0. 0
91.428 18 COMMANDS 0,3391,-9600
91.448 18 ATTITUDE 1.368585 0. 1.292977
91.528 18 ACTUATORS 1290,1758,0,1004
91.544 18 ESTIMATOR 0. 0.
91.592 18 NAVIGATION 0 2 0. 0. 0. 0. 0 0
91.624 18 GPS 0 0 0 0 0 0 0 0 0 0 0
91.652 18 WP_MOVED 1 665460. 5319949. 75. 32
91.768 18 DESIRED 0. 0.14 0. 0. 0. 700. 0.
91.840 18 NAVIGATION 0 2 0. 0. 0. 0. 0 0
91.876 18 GPS 0 0 0 0 0 0 0 0 0 0 0
91.904 18 NAVIGATION 0 2 0. 0. 0. 0. 0 0
91.948 18 ATTITUDE 1.361018 0. 1.287603
91.968 18 BAT 0 116 0 0 1 95 0 0
92.024 18 DOWNLINK_STATUS 92 45823 2065 0 486. 22. 18.6
92.044 18 ESTIMATOR 0. 0.
92.060 18 GYRO_RATES -325 -5.650163 0.
92.084 18 ENERGY 11.6 0. 0 0.
92.108 18 NAVIGATION 0 2 0. 0. 0. 0. 0 0
92.144 18 GPS 0 0 0 0 0 0 0 0 0 0 0
92.164 18 WP_MOVED 2 665509.5 5320029. 75. 32
92.188 18 ALIVE 92,104,209,52,136,44,36,237,67,158,184,128,68,163,6,99
92.244 18 PPRZ_MODE 2 0 0 0 0 6
92.328 18 FBW_STATUS 2 0 1 116 0
92.356 18 NAVIGATION 0 2 0. 0. 0. 0. 0 0
92.388 18 GPS 0 0 0 0 0 0 0 0 0 0 0
92.448 18 ATTITUDE 1.355805 0. 1.290887
92.544 18 ESTIMATOR 0. 0.
92.560 18 IR_SENSORS -60 343 403 283 81
92.592 18 NAVIGATION 0 2 0. 0. 0. 0. 0 0
92.624 18 GPS 0 0 0 0 0 0 0 0 0 0 0
92.652 18 WP_MOVED 3 665540. 5320049. 75. 32
92.663 18 DL_VALUE 4 80.
92.748 18 GPS_SOL 0 0 0 0
92.816 18 DESIRED 0. 0.15 0. 0. 0. 700. 0.
92.844 18 NAVIGATION 0 2 0. 0. 0. 0. 0 0
92.875 18 WIND_INFO 18 42 0. 0. 0.
92.876 18 GPS 0 0 0 0 0 0 0 0 0 0 0
92.904 18 NAVIGATION 0 2 0. 0. 0. 0. 0 0
92.948 18 ATTITUDE 1.339193 0. 1.279022
93.025 18 DOWNLINK_STATUS 93 46352 2089 0 529. 24. 18.6
93.044 18 ESTIMATOR 0. 0.
93.064 18 BAT 0 116 0 0 1 96 0 0
93.092 18 NAVIGATION 0 2 0. 0. 0. 0. 0 0
93.128 18 GPS 0 0 0 0 0 0 0 0 0 0 0
93.152 18 WP_MOVED 4 665470.125 5320139. 75. 32
93.168 18 GYRO_RATES -331 -5.754473 0.
93.340 18 NAVIGATION 0 2 0. 0. 0. 0. 0 0
93.376 18 GPS 0 0 0 0 0 0 0 0 0 0 0
93.448 18 ATTITUDE 1.340193 0. 1.27853
93.460 18 CALIBRATION 0. 0
93.544 18 ESTIMATOR 0. 0.
93.592 18 NAVIGATION 0 2 0. 0. 0. 0. 0 0
93.624 18 GPS 0 0 0 0 0 0 0 0 0 0 0
93.652 18 WP_MOVED 5 665592.3125 5320088. 75. 32
93.748 18 IR_SENSORS -63 341 404 278 84
93.840 18 NAVIGATION 0 2 0. 0. 0. 0. 0 0
93.876 18 GPS 0 0 0 0 0 0 0 0 0 0 0
93.904 18 NAVIGATION 0 2 0. 0. 0. 0. 0 0
93.937 18 DESIRED 0. 0.14 0. 0. 0. 700. 0.
93.956 18 ATTITUDE 1.343151 0. 1.279999
94.026 18 DOWNLINK_STATUS 94 46815 2109 0 463. 20. 18.6
94.044 18 ESTIMATOR 0. 0.
94.092 18 NAVIGATION 0 2 0. 0. 0. 0. 0 0
94.124 18 GPS 0 0 0 0 0 0 0 0 0 0 0
94.152 18 WP_MOVED 6 665597. 5319937.5 75. 32
94.172 18 BAT 0 116 0 0 1 97 0 0
94.184 18 DL_VALUE 5 2.
94.248 18 GYRO_RATES -334 -5.806629 0.
94.259 18 DOWNLINK 0 490 2201
94.328 18 FBW_STATUS 2 0 1 116 0
94.356 18 NAVIGATION 0 2 0. 0. 0. 0. 0 0
94.388 18 GPS 0 0 0 0 0 0 0 0 0 0 0
94.448 18 ATTITUDE 1.338187 0. 1.281448
94.544 18 ESTIMATOR 0. 0.
94.564 18 ENERGY 11.6 0. 0 0.
94.592 18 NAVIGATION 0 2 0. 0. 0. 0. 0 0
94.628 18 GPS 0 0 0 0 0 0 0 0 0 0 0
94.652 18 WP_MOVED 7 665340.8125 5320018.5 75. 32
94.748 18 GPS_SOL 0 0 0 0
94.840 18 NAVIGATION 0 2 0. 0. 0. 0. 0 0
94.876 18 GPS 0 0 0 0 0 0 0 0 0 0 0
94.904 18 NAVIGATION 0 2 0. 0. 0. 0. 0 0
94.937 18 DESIRED 0. 0.15 0. 0. 0. 700. 0.
94.956 18 ATTITUDE 1.335129 0. 1.281927
94.972 18 IR_SENSORS -69 342 411 273 84
95.027 18 DOWNLINK_STATUS 95 47340 2133 0 525. 24. 18.6
95.043 18 ESTIMATOR 0. 0.
95.092 18 NAVIGATION 0 2 0. 0. 0. 0. 0 0
95.124 18 GPS 0 0 0 0 0 0 0 0 0 0 0
95.152 18 WP_MOVED 8 665734.375 5320238.5 75. 32
95.252 18 BAT 0 116 0 0 1 98 0 0
95.340 18 NAVIGATION 0 2 0. 0. 0. 0. 0 0
95.376 18 GPS 0 0 0 0 0 0 0 0 0 0 0
95.392 18 GYRO_RATES -332 -5.771858 0.
95.448 18 ATTITUDE 1.328092 0. 1.274577
95.488 18 PONG 
95.544 18 ESTIMATOR 0. 0.
95.555 18 CALIBRATION 0. 0
95.592 18 NAVIGATION 0 2 0. 0. 0. 0. 0 0
95.624 18 GPS 0 0 0 0 0 0 0 0 0 0 0
95.652 18 WP_MOVED 9 665345.5 5320111.5 75. 32
95.663 18 DL_VALUE 6 0.
95.840 18 NAVIGATION 0 2 0. 0. 0. 0. 0 0
95.876 18 GPS 0 0 0 0 0 0 0 0 0 0 0
95.904 18 NAVIGATION 0 2 0. 0. 0. 0. 0 0
95.948 18 ATTITUDE 1.327061 0. 1.2731
95.984 18 DESIRED 0. 0.14 0. 0. 0. 700. 0.
96.027 18 DOWNLINK_STATUS 96 47804 2154 0 464. 21. 21.81
96.044 18 ESTIMATOR 0. 0.
96.092 18 NAVIGATION 0 2 0. 0. 0. 0. 0 0
96.124 18 GPS 0 0 0 0 0 0 0 0 0 0 0
96.152 18 WP_MOVED 0 665502. 5319991. 75. 32
96.168 18 IR_SENSORS -69 345 414 276 90
96.328 18 FBW_STATUS 2 0 1 116 0
96.356 18 NAVIGATION 0 2 0. 0. 0. 0. 0 0
96.392 18 GPS 0 0 0 0 0 0 0 0 0 0 0
96.412 18 BAT 0 116 0 0 1 100 0 0
96.428 18 COMMANDS 0,2687,-9600
96.448 18 ATTITUDE 1.326023 0. 1.272603
96.464 18 GYRO_RATES -333 -5.789244 0.
96.480 18 NAVIGATION_REF 665460 5319949 32
96.527 18 ACTUATORS 1290,1780,0,1028
96.544 18 ESTIMATOR 0. 0.
96.592 18 NAVIGATION 0 2 0. 0. 0. 0. 0 0
96.624 18 GPS 0 0 0 0 0 0 0 0 0 0 0
96.652 18 WP_MOVED 1 665460. 5319949. 75. 32
96.748 18 GPS_SOL 0 0 0 0
96.840 18 NAVIGATION 0 2 0. 0. 0. 0. 0 0
96.876 18 GPS 0 0 0 0 0 0 0 0 0 0 0
96.904 18 NAVIGATION 0 2 0. 0. 0. 0. 0 0
96.948 18 ATTITUDE 1.324977 0. 1.275065
97.016 18 DESIRED 0. 0.15 0. 0. 0. 700. 0.
97.028 18 DOWNLINK_STATUS 97 48330 2178 0 526. 24. 21.81
97.044 18 ESTIMATOR 0. 0.
97.068 18 ENERGY 11.6 0. 0 0.
97.092 18 NAVIGATION 0 2 0. 0. 0. 0. 0 0
97.128 18 GPS 0 0 0 0 0 0 0 0 0 0 0
97.152 18 WP_MOVED 2 665509.5 5320029. 75. 32
97.163 18 DL_VALUE 7 1.
97.188 18 ALIVE 92,104,209,52,136,44,36,237,67,158,184,128,68,163,6,99
97.240 18 PPRZ_MODE 2 0 0 0 0 6
97.340 18 NAVIGATION 0 2 0. 0. 0. 0. 0 0
97.376 18 GPS 0 0 0 0 0 0 0 0 0 0 0
97.391 18 IR_SENSORS -69 347 416 278 90
97.448 18 ATTITUDE 1.323925 0. 1.276515
97.468 18 BAT 0 116 0 0 1 101 0 0
97.544 18 ESTIMATOR 0. 0.
97.560 18 GYRO_RATES -339 -5.893554 0.
97.588 18 NAVIGATION 0 2 0. 0. 0. 0. 0 0
97.624 18 GPS 0 0 0 0 0 0 0 0 0 0 0
97.652 18 WP_MOVED 3 665540. 5320049. 75. 32
97.663 18 CALIBRATION 0. 0
97.840 18 NAVIGATION 0 2 0. 0. 0. 0. 0 0
97.876 18 GPS 0 0 0 0 0 0 0 0 0 0 0
97.900 18 NAVIGATION 0 2 0. 0. 0. 0. 0 0
97.948 18 ATTITUDE 1.30862 0. 1.264608
98.029 18 DOWNLINK_STATUS 98 48825 2201 0 495. 23. 21.81
98.044 18 ESTIMATOR 0. 0.
98.080 18 DESIRED 0. 0.14 0. 0. 0. 700. 0.
98.108 18 NAVIGATION 0 2 0. 0. 0. 0. 0 0
98.140 18 GPS 0 0 0 0 0 0 0 0 0 0 0
98.160 18 WP_MOVED 4 665470.125 5320139. 75. 32
98.328 18 FBW_STATUS 2 0 1 116 0
98.356 18 NAVIGATION 0 2 0. 0. 0. 0. 0 0
98.388 18 GPS 0 0 0 0 0 0 0 0 0 0 0
98.448 18 ATTITUDE 1.316216 0. 1.268673
98.544 18 ESTIMATOR 0. 0.
98.564 18 BAT 0 116 0 0 1 102 0 0
98.580 18 IR_SENSORS -73 351 424 278 91
98.608 18 NAVIGATION 0 2 0. 0. 0. 0. 0 0
98.644 18 GPS 0 0 0 0 0 0 0 0 0 0 0
98.664 18 WP_MOVED 5 665592.3125 5320088. 75. 32
98.680 18 GYRO_RATES -336 -5.841399 0.
98.691 18 DL_VALUE 8 0.
98.747 18 GPS_SOL 0 0 0 0
98.840 18 NAVIGATION 0 2 0. 0. 0. 0. 0 0
98.876 18 GPS 0 0 0 0 0 0 0 0 0 0 0
98.900 18 NAVIGATION 0 2 0. 0. 0. 0. 0 0
98.948 18 ATTITUDE 1.309713 0. 1.264099
99.029 18 DOWNLINK_STATUS 99 49319 2223 0 494. 22. 21.81
99.044 18 ESTIMATOR 0. 0.
99.088 18 NAVIGATION 0 2 0. 0. 0. 0. 0 0
99.124 18 GPS 0 0 0 0 0 0 0 0 0 0 0
99.160 18 DESIRED 0. 0.16 0. 0. 0. 700. 0.
99.180 18 WP_MOVED 6 665597. 5319937.5 75. 32
99.340 18 NAVIGATION 0 2 0. 0. 0. 0. 0 0
99.376 18 GPS 0 0 0 0 0 0 0 0 0 0 0
99.387 18 DOWNLINK 0 500 2315
99.450 18 ATTITUDE 1.314061 0. 1.270653
99.544 18 ESTIMATOR 0. 0.
99.564 18 ENERGY 11.6 0. 0 0.
99.592 18 NAVIGATION 0 2 0. 0. 0. 0. 0 0
99.628 18 GPS 0 0 0 0 0 0 0 0 0 0 0
99.652 18 WP_MOVED 7 665340.8125 5320018.5 75. 32
99.672 18 BAT 0 116 0 0 1 103 0 0
99.748 18 GYRO_RATES -336 -5.841399 0.
99.764 18 IR_SENSORS -73 348 421 275 96
99.775 18 CALIBRATION 0. 0
99.840 18 NAVIGATION 0 2 0. 0. 0. 0. 0 0
99.876 18 GPS 0 0 0 0 0 0 0 0 0 0 0
99.904 18 NAVIGATION 0 2 0. 0. 0. 0. 0 0
99.948 18 ATTITUDE 1.29223 0. 1.259138
100.030 18 DOWNLINK_STATUS 100 49813 2245 0 494. 22. 21.81
100.044 18 ESTIMATOR 0. 0.
100.092 18 NAVIGATION 0 2 0. 0. 0. 0. 0 0
100.124 18 GPS 0 0 0 0 0 0 0 0 0 0 0
100.152 18 WP_MOVED 8 665734.375 5320238.5 75. 32
100.184 18 DESIRED 0. 0.14 0. 0. 0. 700. 0.
100.199 18 DL_VALUE 9 0.
100.328 18 FBW_STATUS 2 0 1 116 0
100.356 18 NAVIGATION 0 2 0. 0. 0. 0. 0 0
100.388 18 GPS 0 0 0 0 0 0 0 0 0 0 0
100.448 18 ATTITUDE 1.294526 0. 1.258113
100.487 18 PONG 
100.544 18 ESTIMATOR 0. 0.
100.592 18 NAVIGATION 0 2 0. 0. 0. 0. 0 0
100.624 18 GPS 0 0 0 0 0 0 0 0 0 0 0
100.652 18 WP_MOVED 9 665345.5 5320111.5 75. 32
100.752 18 BAT 0 116 0 0 1 104 0 0
100.768 18 GPS_SOL 0 0 0 0
100.840 18 NAVIGATION 0 2 0. 0. 0. 0. 0 0
100.876 18 GPS 0 0 0 0 0 0 0 0 0 0 0
100.904 18 NAVIGATION 0 2 0. 0. 0. 0. 0 0
100.920 18 GYRO_RATES -336 -5.841399 0.
100.948 18 ATTITUDE 1.298891 0. 1.259848
100.964 18 IR_SENSORS -73 349 422 276 96
101.031 18 DOWNLINK_STATUS 101 50313 2268 0 500. 23. 21.6
101.043 18 ESTIMATOR 0. 0.
101.088 18 NAVIGATION 0 2 0. 0. 0. 0. 0 0
101.124 18 GPS 0 0 0 0 0 0 0 0 0 0 0
101.152 18 WP_MOVED 0 665502. 5319991. 75. 32
101.216 18 DESIRED 0. 0.16 0. 0. 0. 700. 0.
101.340 18 NAVIGATION 0 2 0. 0. 0. 0. 0 0
101.376 18 GPS 0 0 0 0 0 0 0 0 0 0 0
101.428 18 COMMANDS 0,2005,-9600
101.448 18 ATTITUDE 1.298891 0. 1.259848
101.528 18 ACTUATORS 1290,1800,0,1050
101.544 18 ESTIMATOR 0. 0.
101.588 18 NAVIGATION 0 2 0. 0. 0. 0. 0 0
101.624 18 GPS 0 0 0 0 0 0 0 0 0 0 0
101.652 18 WP_MOVED 1 665460. 5319949. 75. 32
101.664 18 DL_VALUE 10 -0.062832
101.840 18 NAVIGATION 0 2 0. 0. 0. 0. 0 0
101.876 18 GPS 0 0 0 0 0 0 0 0 0 0 0
101.904 18 NAVIGATION 0 2 0. 0. 0. 0. 0 0
101.924 18 BAT 0 116 0 0 1 105 0 0
101.937 18 CALIBRATION 0. 0
101.952 18 ATTITUDE 1.30202 0. 1.264861
101.972 18 GYRO_RATES -335 -5.824014 0.
102.032 18 DOWNLINK_STATUS 102 50799 2290 0 486. 22. 21.6
102.044 18 ESTIMATOR 0. 0.
102.064 18 ENERGY 11.6 0. 0 0.
102.092 18 NAVIGATION 0 2 0. 0. 0. 0. 0 0
102.128 18 GPS 0 0 0 0 0 0 0 0 0 0 0
102.152 18 WP_MOVED 2 665509.5 5320029. 75. 32
102.167 18 IR_SENSORS -77 348 425 271 96
102.192 18 ALIVE 92,104,209,52,136,44,36,237,67,158,184,128,68,163,6,99
102.264 18 DESIRED 0. 0.13 0. 0. 0. 700. 0.
102.276 18 PPRZ_MODE 2 0 0 0 0 6
102.328 18 FBW_STATUS 2 0 1 116 0
102.356 18 NAVIGATION 0 2 0. 0. 0. 0. 0 0
102.388 18 GPS 0 0 0 0 0 0 0 0 0 0 0
102.448 18 ATTITUDE 1.280125 0. 1.253484
102.544 18 ESTIMATOR 0. 0.
102.588 18 NAVIGATION 0 2 0. 0. 0. 0. 0 0
102.624 18 GPS 0 0 0 0 0 0 0 0 0 0 0
102.652 18 WP_MOVED 3 665540. 5320049. 75. 32
102.748 18 GPS_SOL 0 0 0 0
102.840 18 NAVIGATION 0 2 0. 0. 0. 0. 0 0
102.876 18 GPS 0 0 0 0 0 0 0 0 0 0 0
102.876 18 WIND_INFO 18 42 0. 0. 0.
102.904 18 NAVIGATION 0 2 0. 0. 0. 0. 0 0
102.948 18 ATTITUDE 1.28691 0. 1.255189
102.968 18 BAT 0 116 0 0 1 106 0 0
103.032 18 DOWNLINK_STATUS 103 51321 2313 0 522. 23. 21.6
103.044 18 ESTIMATOR 0. 0.
103.060 18 GYRO_RATES -334 -5.806629 0.
103.088 18 NAVIGATION 0 2 0. 0. 0. 0. 0 0
103.124 18 GPS 0 0 0 0 0 0 0 0 0 0 0
103.148 18 WP_MOVED 4 665470.125 5320139. 75. 32
103.160 18 DL_VALUE 11 0.087266
103.316 18 DESIRED 0. 0.16 0. 0. 0. 700. 0.
103.344 18 NAVIGATION 0 2 0. 0. 0. 0. 0 0
103.376 18 GPS 0 0 0 0 0 0 0 0 0 0 0
103.392 18 IR_SENSORS -77 350 427 273 96
103.448 18 ATTITUDE 1.28691 0. 1.254149
103.544 18 ESTIMATOR 0. 0.
103.588 18 NAVIGATION 0 2 0. 0. 0. 0. 0 0
103.624 18 GPS 0 0 0 0 0 0 0 0 0 0 0
103.652 18 WP_MOVED 5 665592.3125 5320088. 75. 32
103.840 18 NAVIGATION 0 2 0. 0. 0. 0. 0 0
103.876 18 GPS 0 0 0 0 0 0 0 0 0 0 0
103.904 18 NAVIGATION 0 2 0. 0. 0. 0. 0 0
103.948 18 ATTITUDE 1.279773 0. 1.255189
103.960 18 CALIBRATION 0. 0
104.032 18 DOWNLINK_STATUS 104 51775 2333 0 454. 20. 21.6
104.044 18 ESTIMATOR 0. 0.
104.064 18 BAT 0 116 0 0 1 107 0 0
104.092 18 NAVIGATION 0 2 0. 0. 0. 0. 0 0
104.128 18 GPS 0 0 0 0 0 0 0 0 0 0 0
104.148 18 WP_MOVED 6 665597. 5319937.5 75. 32
104.168 18 GYRO_RATES -338 -5.876169 0.
104.328 18 FBW_STATUS 2 0 1 116 0
104.352 18 NAVIGATION 0 2 0. 0. 0. 0. 0 0
104.388 18 GPS 0 0 0 0 0 0 0 0 0 0 0
104.424 18 DESIRED 0. 0.13 0. 0. 0. 700. 0.
104.448 18 ATTITUDE 1.288728 0. 1.259647
104.460 18 DOWNLINK 0 494 2429
104.544 18 ESTIMATOR 0. 0.
104.560 18 IR_SENSORS -77 353 430 276 100
104.584 18 ENERGY 11.6 0. 0 0.
104.608 18 NAVIGATION 0 2 0. 0. 0. 0. 0 0
104.644 18 GPS 0 0 0 0 0 0 0 0 0 0 0
104.664 18 WP_MOVED 7 665340.8125 5320018.5 75. 32
104.676 18 DL_VALUE 0 700.
104.748 18 GPS_SOL 0 0 0 0
104.840 18 NAVIGATION 0 2 0. 0. 0. 0. 0 0
104.876 18 GPS 0 0 0 0 0 0 0 0 0 0 0
104.900 18 NAVIGATION 0 2 0. 0. 0. 0. 0 0
104.948 18 ATTITUDE 1.26795 0. 1.247897
105.032 18 DOWNLINK_STATUS 105 52300 2357 0 525. 24. 21.6
105.044 18 ESTIMATOR 0. 0.
105.088 18 NAVIGATION 0 2 0. 0. 0. 0. 0 0
105.124 18 GPS 0 0 0 0 0 0 0 0 0 0 0
105.152 18 WP_MOVED 8 665734.375 5320238.5 75. 32
105.172 18 BAT 0 116 0 0 1 108 0 0
105.244 18 GYRO_RATES -337 -5.858784 0.
105.340 18 NAVIGATION 0 2 0. 0. 0. 0. 0 0
105.376 18 GPS 0 0 0 0 0 0 0 0 0 0 0
105.416 18 DESIRED 0. 0.16 0. 0. 0. 700. 0.
105.448 18 ATTITUDE 1.277259 0. 1.250625
105.464 18 NAVIGATION_REF 665460 5319949 32
105.488 18 PONG 
105.544 18 ESTIMATOR 0. 0.
105.588 18 NAVIGATION 0 2 0. 0. 0. 0. 0 0
105.624 18 GPS 0 0 0 0 0 0 0 0 0 0 0
105.652 18 WP_MOVED 9 665345.5 5320111.5 75. 32
105.748 18 IR_SENSORS -79 348 427 269 100
105.840 18 NAVIGATION 0 2 0. 0. 0. 0. 0 0
105.876 18 GPS 0 0 0 0 0 0 0 0 0 0 0
105.904 18 NAVIGATION 0 2 0. 0. 0. 0. 0 0
105.948 18 ATTITUDE 1.280125 0. 1.252439
106.032 18 DOWNLINK_STATUS 106 52773 2378 0 473. 21. 20.71
106.044 18 ESTIMATOR 0. 0.
106.056 18 CALIBRATION 0. 0
106.088 18 NAVIGATION 0 2 0. 0. 0. 0. 0 0
106.124 18 GPS 0 0 0 0 0 0 0 0 0 0 0
106.152 18 WP_MOVED 0 665502. 5319991. 75. 32
106.160 18 DL_VALUE 1 0.
106.252 18 BAT 0 116 0 0 1 109 0 0
106.328 18 FBW_STATUS 2 0 1 116 0
106.356 18 NAVIGATION 0 2 0. 0. 0. 0. 0 0
106.388 18 GPS 0 0 0 0 0 0 0 0 0 0 0
106.404 18 GYRO_RATES -337 -5.858784 0.
106.428 18 COMMANDS 0,1628,-9600
106.448 18 ATTITUDE 1.26996 0. 1.249576
106.484 18 DESIRED 0. 0.13 0. 0. 0. 700. 0.
106.528 18 ACTUATORS 1290,1822,0,1075
106.544 18 ESTIMATOR 0. 0.
106.588 18 NAVIGATION 0 2 0. 0. 0. 0. 0 0
106.624 18 GPS 0 0 0 0 0 0 0 0 0 0 0
106.648 18 WP_MOVED 1 665460. 5319949. 75. 32
106.748 18 GPS_SOL 0 0 0 0
106.840 18 NAVIGATION 0 2 0. 0. 0. 0. 0 0
106.876 18 GPS 0 0 0 0 0 0 0 0 0 0 0
106.900 18 NAVIGATION 0 2 0. 0. 0. 0. 0 0
106.948 18 ATTITUDE 1.273645 0. 1.249048
106.968 18 IR_SENSORS -78 349 427 271 102
107.032 18 DOWNLINK_STATUS 107 53306 2403 0 533. 25. 20.71
107.044 18 ESTIMATOR 0. 0.
107.064 18 ENERGY 11.6 0. 0 0.
107.092 18 NAVIGATION 0 2 0. 0. 0. 0. 0 0
107.128 18 GPS 0 0 0 0 0 0 0 0 0 0 0
107.148 18 WP_MOVED 2 665509.5 5320029. 75. 32
107.176 18 ALIVE 92,104,209,52,136,44,36,237,67,158,184,128,68,163,6,99
107.240 18 PPRZ_MODE 2 0 0 0 0 6
107.340 18 NAVIGATION 0 2 0. 0. 0. 0. 0 0
107.376 18 GPS 0 0 0 0 0 0 0 0 0 0 0
107.396 18 BAT 0 116 0 0 1 111 0 0
107.448 18 ATTITUDE 1.261482 0. 1.245628
107.464 18 GYRO_RATES -339 -5.893554 0.
107.516 18 DESIRED 0. 0.16 0. 0. 0. 700. 0.
107.544 18 ESTIMATOR 0. 0.
107.588 18 NAVIGATION 0 2 0. 0. 0. 0. 0 0
107.624 18 GPS 0 0 0 0 0 0 0 0 0 0 0
107.648 18 WP_MOVED 3 665540. 5320049. 75. 32
107.660 18 DL_VALUE 2 0.
107.840 18 NAVIGATION 0 2 0. 0. 0. 0. 0 0
107.876 18 GPS 0 0 0 0 0 0 0 0 0 0 0
107.900 18 NAVIGATION 0 2 0. 0. 0. 0. 0 0
107.948 18 ATTITUDE 1.261482 0. 1.243494
108.032 18 DOWNLINK_STATUS 108 53808 2425 0 502. 22. 20.71
108.044 18 ESTIMATOR 0. 0.
108.088 18 NAVIGATION 0 2 0. 0. 0. 0. 0 0
108.124 18 GPS 0 0 0 0 0 0 0 0 0 0 0
108.148 18 WP_MOVED 4 665470.125 5320139. 75. 32
108.168 18 IR_SENSORS -79 349 428 270 103
108.176 18 CALIBRATION 0. 0
108.327 18 FBW_STATUS 2 0 1 116 0
108.352 18 NAVIGATION 0 2 0. 0. 0. 0. 0 0
108.388 18 GPS 0 0 0 0 0 0 0 0 0 0 0
108.448 18 ATTITUDE 1.265451 0. 1.247897
108.468 18 BAT 0 116 0 0 1 112 0 0
108.544 18 ESTIMATOR 0. 0.
108.580 18 DESIRED 0. 0.13 0. 0. 0. 700. 0.
108.596 18 GYRO_RATES -343 -5.963095 0.
108.624 18 NAVIGATION 0 2 0. 0. 0. 0. 0 0
108.656 18 GPS 0 0 0 0 0 0 0 0 0 0 0
108.680 18 WP_MOVED 5 665592.3125 5320088. 75. 32
108.748 18 GPS_SOL 0 0 0 0
108.840 18 NAVIGATION 0 2 0. 0. 0. 0. 0 0
108.876 18 GPS 0 0 0 0 0 0 0 0 0 0 0
108.900 18 NAVIGATION 0 2 0. 0. 0. 0. 0 0
108.948 18 ATTITUDE 1.265451 0. 1.247897
109.032 18 DOWNLINK_STATUS 109 54302 2447 0 494. 22. 20.71
