4.736 18 NAVIGATION 0 2 0. 0. 0. 0. 0 0
4.772 18 GPS 0 0 0 0 0 0 0 0 0 0 0
4.788 18 GYRO_RATES -319 -5.545852 0.
4.804 18 IR_SENSORS -61 331 392 270 69
4.817 18 CALIBRATION 0. 0
4.844 18 ATTITUDE 1.3721 0. 1.303231
4.940 18 ESTIMATOR 0. 0.
4.952 18 DOWNLINK 0 501 256
4.983 18 DOWNLINK_STATUS 5 2469 112 0 557. 26. 0.
4.988 18 NAVIGATION 0 2 0. 0. 0. 0. 0 0
5.020 18 GPS 0 0 0 0 0 0 0 0 0 0 0
5.048 18 WP_MOVED 3 665540. 5320049. 75. 32
5.160 18 DESIRED 0. 0.14 0. 0. 0. 700. 0.
5.236 18 NAVIGATION 0 2 0. 0. 0. 0. 0 0
5.272 18 GPS 0 0 0 0 0 0 0 0 0 0 0
5.300 18 NAVIGATION 0 2 0. 0. 0. 0. 0 0
5.344 18 ATTITUDE 1.383504 0. 1.309431
5.440 18 ESTIMATOR 0. 0.
5.492 18 NAVIGATION 0 2 0. 0. 0. 0. 0 0
5.520 18 GPS 0 0 0 0 0 0 0 0 0 0 0
5.528 18 PONG 
5.574 18 WP_MOVED 4 665470.125 5320139. 75. 32
5.724 18 FBW_STATUS 2 0 1 124 0
5.752 18 NAVIGATION 0 2 0. 0. 0. 0. 0 0
5.784 18 GPS 0 0 0 0 0 0 0 0 0 0 0
5.808 18 BAT 0 124 0 0 1 12 0 0
5.844 18 ATTITUDE 1.385988 0. 1.311229
5.860 18 GYRO_RATES -315 -5.476311 0.
5.940 18 ESTIMATOR 0. 0.
5.956 18 IR_SENSORS -63 326 389 263 64
5.984 18 DOWNLINK_STATUS 6 2941 133 0 472. 21. 45.89
5.988 18 NAVIGATION 0 2 0. 0. 0. 0. 0 0
6.020 18 GPS 0 0 0 0 0 0 0 0 0 0 0
6.048 18 WP_MOVED 5 665592.3125 5320088. 75. 32
6.060 18 DL_VALUE 8 0.
6.144 18 GPS_SOL 0 0 0 0
6.212 18 DESIRED 0. 0.18 0. 0. 0. 700. 0.
6.240 18 NAVIGATION 0 2 0. 0. 0. 0. 0 0
6.272 18 GPS 0 0 0 0 0 0 0 0 0 0 0
6.300 18 NAVIGATION 0 2 0. 0. 0. 0. 0 0
6.344 18 ATTITUDE 1.395582 0. 1.320003
6.440 18 ESTIMATOR 0. 0.
6.488 18 NAVIGATION 0 2 0. 0. 0. 0. 0 0
6.520 18 GPS 0 0 0 0 0 0 0 0 0 0 0
6.548 18 WP_MOVED 6 665597. 5319937.5 75. 32
6.736 18 NAVIGATION 0 2 0. 0. 0. 0. 0 0
6.772 18 GPS 0 0 0 0 0 0 0 0 0 0 0
6.844 18 ATTITUDE 1.409829 0. 1.328377
6.864 18 BAT 0 124 0 0 1 13 0 0
6.876 18 CALIBRATION 0. 0
6.940 18 ESTIMATOR 0. 0.
6.956 18 GYRO_RATES -317 -5.511082 0.
6.980 18 ENERGY 12.4 0. 0 0.
6.984 18 DOWNLINK_STATUS 7 3436 155 0 495. 22. 45.89
7.004 18 NAVIGATION 0 2 0. 0. 0. 0. 0 0
7.040 18 GPS 0 0 0 0 0 0 0 0 0 0 0
7.060 18 WP_MOVED 7 665340.8125 5320018.5 75. 32
7.144 18 IR_SENSORS -60 330 390 270 67
7.236 18 NAVIGATION 0 2 0. 0. 0. 0. 0 0
7.272 18 GPS 0 0 0 0 0 0 0 0 0 0 0
7.300 18 NAVIGATION 0 2 0. 0. 0. 0. 0 0
7.336 18 DESIRED 0. 0.15 0. 0. 0. 700. 0.
7.352 18 ATTITUDE 1.390393 0. 1.313396
7.440 18 ESTIMATOR 0. 0.
7.488 18 NAVIGATION 0 2 0. 0. 0. 0. 0 0
7.520 18 GPS 0 0 0 0 0 0 0 0 0 0 0
7.548 18 WP_MOVED 8 665734.375 5320238.5 75. 32
7.560 18 DL_VALUE 9 0.
7.724 18 FBW_STATUS 2 0 1 124 0
7.752 18 NAVIGATION 0 2 0. 0. 0. 0. 0 0
7.784 18 GPS 0 0 0 0 0 0 0 0 0 0 0
7.844 18 ATTITUDE 1.398367 0. 1.317105
7.940 18 ESTIMATOR 0. 0.
7.960 18 BAT 0 124 0 0 1 14 0 0
7.984 18 DOWNLINK_STATUS 8 3897 175 0 461. 20. 45.89
7.988 18 NAVIGATION 0 2 0. 0. 0. 0. 0 0
8.024 18 GPS 0 0 0 0 0 0 0 0 0 0 0
8.048 18 WP_MOVED 9 665345.5 5320111.5 75. 32
8.064 18 GYRO_RATES -318 -5.528467 0.
8.144 18 GPS_SOL 0 0 0 0
8.236 18 NAVIGATION 0 2 0. 0. 0. 0. 0 0
8.272 18 GPS 0 0 0 0 0 0 0 0 0 0 0
8.300 18 NAVIGATION 0 2 0. 0. 0. 0. 0 0
8.336 18 DESIRED 0. 0.18 0. 0. 0. 700. 0.
8.352 18 ATTITUDE 1.417627 0. 1.326795
8.368 18 IR_SENSORS -54 332 386 278 61
8.440 18 ESTIMATOR 0. 0.
8.488 18 NAVIGATION 0 2 0. 0. 0. 0. 0 0
8.520 18 GPS 0 0 0 0 0 0 0 0 0 0 0
8.548 18 WP_MOVED 0 665502. 5319991. 75. 32
8.736 18 NAVIGATION 0 2 0. 0. 0. 0. 0 0
8.772 18 GPS 0 0 0 0 0 0 0 0 0 0 0
8.824 18 COMMANDS 0,4697,-9600
8.844 18 ATTITUDE 1.420497 0. 1.334387
8.924 18 ACTUATORS 1290,1691,0,1000
8.940 18 ESTIMATOR 0. 0.
8.952 18 CALIBRATION 0. 0
8.985 18 NAVIGATION 0 2 0. 0. 0. 0. 0 0
8.985 18 DOWNLINK_STATUS 9 4411 198 0 514. 23. 45.89
9.020 18 GPS 0 0 0 0 0 0 0 0 0 0 0
9.048 18 WP_MOVED 1 665460. 5319949. 75. 32
9.068 18 BAT 0 124 0 0 1 15 0 0
9.080 18 DL_VALUE 10 -0.062832
9.144 18 GYRO_RATES -316 -5.493697 0.
9.236 18 NAVIGATION 0 2 0. 0. 0. 0. 0 0
9.272 18 GPS 0 0 0 0 0 0 0 0 0 0 0
9.300 18 NAVIGATION 0 2 0. 0. 0. 0. 0 0
9.344 18 ATTITUDE 1.403354 0. 1.318802
9.380 18 DESIRED 0. 0.15 0. 0. 0. 700. 0.
9.440 18 ESTIMATOR 0. 0.
9.460 18 ENERGY 12.4 0. 0 0.
9.488 18 NAVIGATION 0 2 0. 0. 0. 0. 0 0
9.524 18 GPS 0 0 0 0 0 0 0 0 0 0 0
9.548 18 WP_MOVED 2 665509.5 5320029. 75. 32
9.564 18 IR_SENSORS -57 322 379 265 57
9.588 18 ALIVE 234,232,121,223,242,64,180,13,219,168,219,104,18,121,95,82
9.640 18 PPRZ_MODE 2 0 0 0 0 6
9.724 18 FBW_STATUS 2 0 1 124 0
9.752 18 NAVIGATION 0 2 0. 0. 0. 0. 0 0
9.784 18 GPS 0 0 0 0 0 0 0 0 0 0 0
9.844 18 ATTITUDE 1.410634 0. 1.323949
9.940 18 ESTIMATOR 0. 0.
9.986 18 NAVIGATION 0 2 0. 0. 0. 0. 0 0
9.986 18 DOWNLINK_STATUS 10 4943 222 0 532. 24. 45.89
10.020 18 GPS 0 0 0 0 0 0 0 0 0 0 0
10.048 18 WP_MOVED 3 665540. 5320049. 75. 32
10.060 18 DOWNLINK 0 497 369
10.148 18 BAT 0 124 0 0 1 16 0 0
10.164 18 GPS_SOL 0 0 0 0
10.236 18 NAVIGATION 0 2 0. 0. 0. 0. 0 0
10.272 18 GPS 0 0 0 0 0 0 0 0 0 0 0
10.300 18 NAVIGATION 0 2 0. 0. 0. 0. 0 0
10.316 18 GYRO_RATES -315 -5.476311 0.
10.344 18 ATTITUDE 1.418813 0. 1.326522
10.412 18 DESIRED 0. 0.18 0. 0. 0. 700. 0.
10.440 18 ESTIMATOR 0. 0.
10.488 18 NAVIGATION 0 2 0. 0. 0. 0. 0 0
10.520 18 GPS 0 0 0 0 0 0 0 0 0 0 0
10.528 18 PONG 
10.548 18 WP_MOVED 4 665470.125 5320139. 75. 32
10.574 18 DL_VALUE 11 0.087266
10.736 18 NAVIGATION 0 2 0. 0. 0. 0. 0 0
10.772 18 GPS 0 0 0 0 0 0 0 0 0 0 0
10.788 18 IR_SENSORS -53 320 373 267 51
10.844 18 ATTITUDE 1.427059 0. 1.336921
10.940 18 ESTIMATOR 0. 0.
10.987 18 NAVIGATION 0 2 0. 0. 0. 0. 0 0
10.987 18 DOWNLINK_STATUS 11 5440 245 0 497. 23. 44.83
11.020 18 GPS 0 0 0 0 0 0 0 0 0 0 0
11.048 18 WP_MOVED 5 665592.3125 5320088. 75. 32
11.060 18 CALIBRATION 0. 0
11.236 18 NAVIGATION 0 2 0. 0. 0. 0. 0 0
11.272 18 GPS 0 0 0 0 0 0 0 0 0 0 0
11.300 18 NAVIGATION 0 2 0. 0. 0. 0. 0 0
11.320 18 BAT 0 124 0 0 1 17 0 0
11.344 18 ATTITUDE 1.446078 0. 1.348236
11.360 18 GYRO_RATES -318 -5.528467 0.
11.440 18 ESTIMATOR 0. 0.
11.476 18 DESIRED 0. 0.15 0. 0. 0. 700. 0.
11.504 18 NAVIGATION 0 2 0. 0. 0. 0. 0 0
11.536 18 GPS 0 0 0 0 0 0 0 0 0 0 0
11.560 18 WP_MOVED 6 665597. 5319937.5 75. 32
11.724 18 FBW_STATUS 2 0 1 124 0
11.752 18 NAVIGATION 0 2 0. 0. 0. 0. 0 0
11.784 18 GPS 0 0 0 0 0 0 0 0 0 0 0
11.844 18 ATTITUDE 1.410967 0. 1.323193
11.940 18 ESTIMATOR 0. 0.
11.956 18 IR_SENSORS -49 323 372 274 55
11.980 18 ENERGY 12.4 0. 0 0.
11.988 18 DOWNLINK_STATUS 12 5911 266 0 471. 21. 44.83
12.004 18 NAVIGATION 0 2 0. 0. 0. 0. 0 0
12.040 18 GPS 0 0 0 0 0 0 0 0 0 0 0
12.060 18 WP_MOVED 7 665340.8125 5320018.5 75. 32
12.072 18 DL_VALUE 0 700.
12.144 18 GPS_SOL 0 0 0 0
12.236 18 NAVIGATION 0 2 0. 0. 0. 0. 0 0
12.272 18 GPS 0 0 0 0 0 0 0 0 0 0 0
12.300 18 NAVIGATION 0 2 0. 0. 0. 0. 0 0
12.344 18 ATTITUDE 1.430685 0. 1.333473
12.364 18 BAT 0 124 0 0 1 18 0 0
12.440 18 ESTIMATOR 0. 0.
12.456 18 GYRO_RATES -319 -5.545852 0.
12.488 18 NAVIGATION 0 2 0. 0. 0. 0. 0 0
12.520 18 GPS 0 0 0 0 0 0 0 0 0 0 0
12.556 18 DESIRED 0. 0.18 0. 0. 0. 700. 0.
12.576 18 WP_MOVED 8 665734.375 5320238.5 75. 32
12.736 18 NAVIGATION 0 2 0. 0. 0. 0. 0 0
12.772 18 GPS 0 0 0 0 0 0 0 0 0 0 0
12.844 18 ATTITUDE 1.439042 0. 1.338607
12.860 18 NAVIGATION_REF 665460 5319949 32
12.940 18 ESTIMATOR 0. 0.
12.988 18 NAVIGATION 0 2 0. 0. 0. 0. 0 0
12.988 18 DOWNLINK_STATUS 13 6416 288 0 505. 22. 44.83
13.020 18 GPS 0 0 0 0 0 0 0 0 0 0 0
13.048 18 WP_MOVED 9 665345.5 5320111.5 75. 32
13.144 18 IR_SENSORS -52 318 370 266 49
13.156 18 CALIBRATION 0. 0
13.238 18 NAVIGATION 0 2 0. 0. 0. 0. 0 0
13.272 18 GPS 0 0 0 0 0 0 0 0 0 0 0
13.300 18 NAVIGATION 0 2 0. 0. 0. 0. 0 0
13.344 18 ATTITUDE 1.454101 0. 1.353941
13.440 18 ESTIMATOR 0. 0.
13.460 18 BAT 0 124 0 0 1 19 0 0
13.488 18 NAVIGATION 0 2 0. 0. 0. 0. 0 0
13.524 18 GPS 0 0 0 0 0 0 0 0 0 0 0
13.548 18 WP_MOVED 0 665502. 5319991. 75. 32
13.584 18 DESIRED 0. 0.15 0. 0. 0. 700. 0.
13.600 18 GYRO_RATES -312 -5.424156 0.
13.612 18 DL_VALUE 1 0.
13.724 18 FBW_STATUS 2 0 1 124 0
13.752 18 NAVIGATION 0 2 0. 0. 0. 0. 0 0
13.784 18 GPS 0 0 0 0 0 0 0 0 0 0 0
13.824 18 COMMANDS 0,5404,-9600
13.844 18 ATTITUDE 1.452432 0. 1.353127
13.924 18 ACTUATORS 1290,1662,0,1000
13.940 18 ESTIMATOR 0. 0.
13.988 18 NAVIGATION 0 2 0. 0. 0. 0. 0 0
13.988 18 DOWNLINK_STATUS 14 6932 312 0 516. 24. 44.83
14.020 18 GPS 0 0 0 0 0 0 0 0 0 0 0
14.048 18 WP_MOVED 1 665460. 5319949. 75. 32
14.144 18 GPS_SOL 0 0 0 0
14.236 18 NAVIGATION 0 2 0. 0. 0. 0. 0 0
14.272 18 GPS 0 0 0 0 0 0 0 0 0 0 0
14.300 18 NAVIGATION 0 2 0. 0. 0. 0. 0 0
14.344 18 ATTITUDE 1.439042 0. 1.338607
14.360 18 IR_SENSORS -48 322 370 274 54
14.440 18 ESTIMATOR 0. 0.
14.460 18 ENERGY 12.4 0. 0 0.
14.488 18 NAVIGATION 0 2 0. 0. 0. 0. 0 0
14.524 18 GPS 0 0 0 0 0 0 0 0 0 0 0
14.548 18 WP_MOVED 2 665509.5 5320029. 75. 32
14.568 18 BAT 0 124 0 0 1 20 0 0
14.592 18 ALIVE 234,232,121,223,242,64,180,13,219,168,219,104,18,121,95,82
14.628 18 DESIRED 0. 0.18 0. 0. 0. 700. 0.
14.644 18 GYRO_RATES -312 -5.424156 0.
14.656 18 PPRZ_MODE 2 0 0 0 0 6
14.736 18 NAVIGATION 0 2 0. 0. 0. 0. 0 0
14.772 18 GPS 0 0 0 0 0 0 0 0 0 0 0
14.844 18 ATTITUDE 1.444731 0. 1.342398
14.940 18 ESTIMATOR 0. 0.
14.988 18 NAVIGATION 0 2 0. 0. 0. 0. 0 0
14.989 18 DOWNLINK_STATUS 15 7456 335 0 524. 23. 44.83
15.020 18 GPS 0 0 0 0 0 0 0 0 0 0 0
15.048 18 WP_MOVED 3 665540. 5320049. 75. 32
15.060 18 DL_VALUE 2 0.
15.080 18 SETTING 18 9 2.
15.112 18 DL_VALUE 9 65535.
15.136 18 DOWNLINK 0 497 484
15.236 18 NAVIGATION 0 2 0. 0. 0. 0. 0 0
15.272 18 GPS 0 0 0 0 0 0 0 0 0 0 0
15.278 18 WIND_INFO 18 42 0. 0. 0.
15.300 18 NAVIGATION 0 2 0. 0. 0. 0. 0 0
15.308 18 CALIBRATION 0. 0
15.344 18 ATTITUDE 1.456032 0. 1.34862
15.440 18 ESTIMATOR 0. 0.
15.488 18 NAVIGATION 0 2 0. 0. 0. 0. 0 0
15.520 18 GPS 0 0 0 0 0 0 0 0 0 0 0
15.528 18 PONG 
15.548 18 WP_MOVED 4 665470.125 5320139. 75. 32
15.564 18 IR_SENSORS -45 322 367 277 51
15.660 18 DESIRED 0. 0.15 0. 0. 0. 700. 0.
15.684 18 BAT 0 124 0 0 1 21 0 0
15.729 18 FBW_STATUS 2 0 1 124 0
15.752 18 NAVIGATION 0 2 0. 0. 0. 0. 0 0
15.784 18 GPS 0 0 0 0 0 0 0 0 0 0 0
15.804 18 GYRO_RATES -311 -5.406771 0.
15.844 18 ATTITUDE 1.461756 0. 1.358163
15.940 18 ESTIMATOR 0. 0.
15.988 18 NAVIGATION 0 2 0. 0. 0. 0. 0 0
15.989 18 DOWNLINK_STATUS 16 7972 360 0 516. 25. 44.07
16.020 18 GPS 0 0 0 0 0 0 0 0 0 0 0
16.048 18 WP_MOVED 5 665592.3125 5320088. 75. 32
16.144 18 GPS_SOL 0 0 0 0
16.236 18 NAVIGATION 0 2 0. 0. 0. 0. 0 0
16.272 18 GPS 0 0 0 0 0 0 0 0 0 0 0
16.300 18 NAVIGATION 0 2 0. 0. 0. 0. 0 0
16.344 18 ATTITUDE 1.436942 0. 1.337439
16.440 18 ESTIMATOR 0. 0.
16.488 18 NAVIGATION 0 2 0. 0. 0. 0. 0 0
16.520 18 GPS 0 0 0 0 0 0 0 0 0 0 0
16.548 18 WP_MOVED 6 665597. 5319937.5 75. 32
16.560 18 DL_VALUE 3 0.
16.711 18 DESIRED 0. 0.17 0. 0. 0. 700. 0.
16.740 18 NAVIGATION 0 2 0. 0. 0. 0. 0 0
16.772 18 GPS 0 0 0 0 0 0 0 0 0 0 0
16.792 18 BAT 0 124 0 0 1 23 0 0
16.812 18 IR_SENSORS -42 310 352 268 46
16.844 18 ATTITUDE 1.446261 0. 1.343184
16.860 18 GYRO_RATES -312 -5.424156 0.
16.940 18 ESTIMATOR 0. 0.
16.960 18 ENERGY 12.4 0. 0 0.
16.988 18 NAVIGATION 0 2 0. 0. 0. 0. 0 0
16.990 18 DOWNLINK_STATUS 17 8472 382 0 500. 22. 44.07
17.024 18 GPS 0 0 0 0 0 0 0 0 0 0 0
17.048 18 WP_MOVED 7 665340.8125 5320018.5 75. 32
17.236 18 NAVIGATION 0 2 0. 0. 0. 0. 0 0
17.272 18 GPS 0 0 0 0 0 0 0 0 0 0 0
17.300 18 NAVIGATION 0 2 0. 0. 0. 0. 0 0
17.344 18 ATTITUDE 1.462047 0. 1.352061
17.356 18 CALIBRATION 0. 0
17.440 18 ESTIMATOR 0. 0.
17.488 18 NAVIGATION 0 2 0. 0. 0. 0. 0 0
17.520 18 GPS 0 0 0 0 0 0 0 0 0 0 0
17.548 18 WP_MOVED 8 665734.375 5320238.5 75. 32
17.724 18 FBW_STATUS 2 0 1 124 0
17.752 18 NAVIGATION 0 2 0. 0. 0. 0. 0 0
17.784 18 GPS 0 0 0 0 0 0 0 0 0 0 0
17.820 18 DESIRED 0. 0.15 0. 0. 0. 700. 0.
17.844 18 ATTITUDE 1.461118 0. 1.357823
17.864 18 BAT 0 124 0 0 1 24 0 0
17.940 18 ESTIMATOR 0. 0.
17.956 18 GYRO_RATES -311 -5.406771 0.
17.972 18 IR_SENSORS -46 318 364 272 51
17.991 18 DOWNLINK_STATUS 18 8923 402 0 451. 20. 44.07
18.000 18 NAVIGATION 0 2 0. 0. 0. 0. 0 0
18.036 18 GPS 0 0 0 0 0 0 0 0 0 0 0
18.056 18 WP_MOVED 9 665345.5 5320111.5 75. 32
18.068 18 DL_VALUE 4 80.
18.144 18 GPS_SOL 0 0 0 0
18.236 18 NAVIGATION 0 2 0. 0. 0. 0. 0 0
18.272 18 GPS 0 0 0 0 0 0 0 0 0 0 0
18.300 18 NAVIGATION 0 2 0. 0. 0. 0. 0 0
18.344 18 ATTITUDE 1.474536 0. 1.365943
18.440 18 ESTIMATOR 0. 0.
18.488 18 NAVIGATION 0 2 0. 0. 0. 0. 0 0
18.520 18 GPS 0 0 0 0 0 0 0 0 0 0 0
18.548 18 WP_MOVED 0 665502. 5319991. 75. 32
18.736 18 NAVIGATION 0 2 0. 0. 0. 0. 0 0
18.772 18 GPS 0 0 0 0 0 0 0 0 0 0 0
18.812 18 DESIRED 0. 0.17 0. 0. 0. 700. 0.
18.824 18 COMMANDS 0,5571,-9600
18.844 18 ATTITUDE 1.450257 0. 1.344703
18.924 18 ACTUATORS 1290,1669,0,1000
18.940 18 ESTIMATOR 0. 0.
18.960 18 BAT 0 124 0 0 1 25 0 0
18.988 18 NAVIGATION 0 2 0. 0. 0. 0. 0 0
18.991 18 DOWNLINK_STATUS 19 9425 424 0 502. 22. 44.07
19.024 18 GPS 0 0 0 0 0 0 0 0 0 0 0
19.048 18 WP_MOVED 1 665460. 5319949. 75. 32
19.064 18 GYRO_RATES -312 -5.424156 0.
19.144 18 IR_SENSORS -44 317 361 273 49
19.236 18 NAVIGATION 0 2 0. 0. 0. 0. 0 0
19.272 18 GPS 0 0 0 0 0 0 0 0 0 0 0
19.300 18 NAVIGATION 0 2 0. 0. 0. 0. 0 0
19.344 18 ATTITUDE 1.452829 0. 1.34692
19.440 18 ESTIMATOR 0. 0.
19.452 18 CALIBRATION 0. 0
19.472 18 ENERGY 12.4 0. 0 0.
19.500 18 NAVIGATION 0 2 0. 0. 0. 0. 0 0
19.536 18 GPS 0 0 0 0 0 0 0 0 0 0 0
19.556 18 WP_MOVED 2 665509.5 5320029. 75. 32
19.568 18 DL_VALUE 5 2.
19.592 18 ALIVE 234,232,121,223,242,64,180,13,219,168,219,104,18,121,95,82
19.640 18 PPRZ_MODE 2 0 0 0 0 6
19.724 18 FBW_STATUS 2 0 1 124 0
19.752 18 NAVIGATION 0 2 0. 0. 0. 0. 0 0
19.784 18 GPS 0 0 0 0 0 0 0 0 0 0 0
19.844 18 ATTITUDE 1.537044 0. 1.400634
19.880 18 DESIRED 0. 0.16 0. 0. 0. 700. 0.
19.940 18 ESTIMATOR 0. 0.
19.988 18 NAVIGATION 0 2 0. 0. 0. 0. 0 0
19.992 18 DOWNLINK_STATUS 20 9948 448 0 523. 24. 44.07
20.020 18 GPS 0 0 0 0 0 0 0 0 0 0 0
20.048 18 WP_MOVED 3 665540. 5320049. 75. 32
20.068 18 BAT 0 124 0 0 1 26 0 0
20.144 18 GYRO_RATES -310 -5.389386 0.
20.160 18 GPS_SOL 0 0 0 0
20.236 18 NAVIGATION 0 2 0. 0. 0. 0. 0 0
20.272 18 GPS 0 0 0 0 0 0 0 0 0 0 0
20.300 18 NAVIGATION 0 2 0. 0. 0. 0. 0 0
20.308 18 DOWNLINK 0 511 601
20.344 18 ATTITUDE 1.541738 0. 1.40762
20.360 18 IR_SENSORS -31 324 355 293 27
20.440 18 ESTIMATOR 0. 0.
20.488 18 NAVIGATION 0 2 0. 0. 0. 0. 0 0
20.520 18 GPS 0 0 0 0 0 0 0 0 0 0 0
20.528 18 PONG 
20.548 18 WP_MOVED 4 665470.125 5320139. 75. 32
20.736 18 NAVIGATION 0 2 0. 0. 0. 0. 0 0
20.785 18 GPS 0 0 0 0 0 0 0 0 0 0 0
20.844 18 ATTITUDE 1.517712 0. 1.388313
20.912 18 DESIRED 0. 0.17 0. 0. 0. 700. 0.
20.940 18 ESTIMATOR 0. 0.
20.988 18 NAVIGATION 0 2 0. 0. 0. 0. 0 0
20.992 18 DOWNLINK_STATUS 21 10434 470 0 486. 22. 44.02
21.020 18 GPS 0 0 0 0 0 0 0 0 0 0 0
21.048 18 WP_MOVED 5 665592.3125 5320088. 75. 32
21.056 18 DL_VALUE 6 0.
21.148 18 BAT 0 124 0 0 1 27 0 0
21.236 18 NAVIGATION 0 2 0. 0. 0. 0. 0 0
21.272 18 GPS 0 0 0 0 0 0 0 0 0 0 0
21.300 18 NAVIGATION 0 2 0. 0. 0. 0. 0 0
21.316 18 GYRO_RATES -313 -5.441541 0.
21.344 18 ATTITUDE 1.523339 0. 1.391611
21.440 18 ESTIMATOR 0. 0.
21.488 18 NAVIGATION 0 2 0. 0. 0. 0. 0 0
21.520 18 GPS 0 0 0 0 0 0 0 0 0 0 0
21.548 18 WP_MOVED 6 665597. 5319937.5 75. 32
21.564 18 IR_SENSORS -32 323 355 291 34
21.576 18 CALIBRATION 0. 0
21.724 18 FBW_STATUS 2 0 1 124 0
21.752 18 NAVIGATION 0 2 0. 0. 0. 0. 0 0
21.784 18 GPS 0 0 0 0 0 0 0 0 0 0 0
21.844 18 ATTITUDE 1.535354 0. 1.399392
21.860 18 NAVIGATION_REF 665460 5319949 32
21.940 18 ESTIMATOR 0. 0.
21.976 18 DESIRED 0. 0.16 0. 0. 0. 700. 0.
21.992 18 DOWNLINK_STATUS 22 10911 492 0 477. 22. 44.02
21.996 18 ENERGY 12.4 0. 0 0.
22.024 18 NAVIGATION 0 2 0. 0. 0. 0. 0 0
22.060 18 GPS 0 0 0 0 0 0 0 0 0 0 0
22.080 18 WP_MOVED 7 665340.8125 5320018.5 75. 32
22.144 18 GPS_SOL 0 0 0 0
22.236 18 NAVIGATION 0 2 0. 0. 0. 0. 0 0
22.272 18 GPS 0 0 0 0 0 0 0 0 0 0 0
22.300 18 NAVIGATION 0 2 0. 0. 0. 0. 0 0
22.320 18 BAT 0 124 0 0 1 28 0 0
22.344 18 ATTITUDE 1.547305 0. 1.409893
22.360 18 GYRO_RATES -333 -5.789244 0.
22.440 18 ESTIMATOR 0. 0.
22.484 18 NAVIGATION 0 2 0. 0. 0. 0. 0 0
22.520 18 GPS 0 0 0 0 0 0 0 0 0 0 0
22.548 18 WP_MOVED 8 665734.375 5320238.5 75. 32
22.556 18 DL_VALUE 7 1.
22.736 18 NAVIGATION 0 2 0. 0. 0. 0. 0 0
22.772 18 GPS 0 0 0 0 0 0 0 0 0 0 0
22.788 18 IR_SENSORS -24 334 358 310 28
22.844 18 ATTITUDE 1.553157 0. 1.414197
22.940 18 ESTIMATOR 0. 0.
22.984 18 NAVIGATION 0 2 0. 0. 0. 0. 0 0
22.992 18 DOWNLINK_STATUS 23 11403 514 0 492. 22. 44.02
23.020 18 GPS 0 0 0 0 0 0 0 0 0 0 0
23.056 18 DESIRED 0. 0.16 0. 0. 0. 700. 0.
23.076 18 WP_MOVED 9 665345.5 5320111.5 75. 32
23.236 18 NAVIGATION 0 2 0. 0. 0. 0. 0 0
23.272 18 GPS 0 0 0 0 0 0 0 0 0 0 0
23.300 18 NAVIGATION 0 2 0. 0. 0. 0. 0 0
23.344 18 ATTITUDE 1.544972 0. 1.406547
23.364 18 BAT 0 124 0 0 1 29 0 0
23.440 18 ESTIMATOR 0. 0.
23.456 18 GYRO_RATES -327 -5.684933 0.
23.484 18 NAVIGATION 0 2 0. 0. 0. 0. 0 0
23.520 18 GPS 0 0 0 0 0 0 0 0 0 0 0
23.548 18 WP_MOVED 0 665502. 5319991. 75. 32
23.636 18 CALIBRATION 0. 0
23.724 18 FBW_STATUS 2 0 1 124 0
23.752 18 NAVIGATION 0 2 0. 0. 0. 0. 0 0
23.784 18 GPS 0 0 0 0 0 0 0 0 0 0 0
23.824 18 COMMANDS 0,4301,-9600
23.844 18 ATTITUDE 1.544972 0. 1.406968
23.924 18 ACTUATORS 1290,1717,0,1000
23.940 18 ESTIMATOR 0. 0.
23.956 18 IR_SENSORS -23 337 360 314 27
23.984 18 NAVIGATION 0 2 0. 0. 0. 0. 0 0
23.993 18 DOWNLINK_STATUS 24 11908 537 0 505. 23. 44.02
24.020 18 GPS 0 0 0 0 0 0 0 0 0 0 0
24.048 18 WP_MOVED 1 665460. 5319949. 75. 32
24.080 18 DESIRED 0. 0.16 0. 0. 0. 700. 0.
24.092 18 DL_VALUE 8 0.
24.144 18 GPS_SOL 0 0 0 0
24.236 18 NAVIGATION 0 2 0. 0. 0. 0. 0 0
24.272 18 GPS 0 0 0 0 0 0 0 0 0 0 0
24.300 18 NAVIGATION 0 2 0. 0. 0. 0. 0 0
24.344 18 ATTITUDE 1.564339 0. 1.421287
24.440 18 ESTIMATOR 0. 0.
24.460 18 BAT 0 124 0 0 1 30 0 0
24.480 18 ENERGY 12.4 0. 0 0.
24.508 18 NAVIGATION 0 2 0. 0. 0. 0. 0 0
24.544 18 GPS 0 0 0 0 0 0 0 0 0 0 0
24.564 18 WP_MOVED 2 665509.5 5320029. 75. 32
24.580 18 GYRO_RATES -326 -5.667548 0.
24.604 18 ALIVE 234,232,121,223,242,64,180,13,219,168,219,104,18,121,95,82
24.636 18 PPRZ_MODE 2 0 0 0 0 6
24.741 18 NAVIGATION 0 2 0. 0. 0. 0. 0 0
24.772 18 GPS 0 0 0 0 0 0 0 0 0 0 0
24.844 18 ATTITUDE 1.5639 0. 1.422325
24.940 18 ESTIMATOR 0. 0.
24.984 18 NAVIGATION 0 2 0. 0. 0. 0. 0 0
24.994 18 DOWNLINK_STATUS 25 12427 560 0 519. 23. 44.02
25.020 18 GPS 0 0 0 0 0 0 0 0 0 0 0
25.048 18 WP_MOVED 3 665540. 5320049. 75. 32
25.112 18 DESIRED 0. 0.16 0. 0. 0. 700. 0.
25.144 18 IR_SENSORS -20 338 358 318 24
25.236 18 NAVIGATION 0 2 0. 0. 0. 0. 0 0
25.272 18 GPS 0 0 0 0 0 0 0 0 0 0 0
25.279 18 WIND_INFO 18 42 0. 0. 0.
25.296 18 NAVIGATION 0 2 0. 0. 0. 0. 0 0
25.344 18 ATTITUDE 1.567479 0. 1.424774
25.356 18 DOWNLINK 0 489 713
25.440 18 ESTIMATOR 0. 0.
25.484 18 NAVIGATION 0 2 0. 0. 0. 0. 0 0
25.520 18 GPS 0 0 0 0 0 0 0 0 0 0 0
25.528 18 PONG 
25.548 18 WP_MOVED 4 665470.125 5320139. 75. 32
25.568 18 BAT 0 124 0 0 1 31 0 0
25.580 18 DL_VALUE 9 65535.
25.644 18 GYRO_RATES -328 -5.702318 0.
25.724 18 FBW_STATUS 2 0 1 124 0
25.752 18 NAVIGATION 0 2 0. 0. 0. 0. 0 0
25.800 18 GPS 0 0 0 0 0 0 0 0 0 0 0
25.801 18 CALIBRATION 0. 0
25.844 18 ATTITUDE 1.56412 0. 1.421111
25.940 18 ESTIMATOR 0. 0.
25.984 18 NAVIGATION 0 2 0. 0. 0. 0. 0 0
25.995 18 DOWNLINK_STATUS 26 12932 584 0 505. 24. 43.74
26.020 18 GPS 0 0 0 0 0 0 0 0 0 0 0
26.048 18 WP_MOVED 5 665592.3125 5320088. 75. 32
26.160 18 DESIRED 0. 0.16 0. 0. 0. 700. 0.
26.180 18 GPS_SOL 0 0 0 0
26.236 18 NAVIGATION 0 2 0. 0. 0. 0. 0 0
26.272 18 GPS 0 0 0 0 0 0 0 0 0 0 0
26.296 18 NAVIGATION 0 2 0. 0. 0. 0. 0 0
26.344 18 ATTITUDE 1.558535 0. 1.416777
26.360 18 IR_SENSORS -20 339 359 319 24
26.440 18 ESTIMATOR 0. 0.
26.484 18 NAVIGATION 0 2 0. 0. 0. 0. 0 0
26.520 18 GPS 0 0 0 0 0 0 0 0 0 0 0
26.548 18 WP_MOVED 6 665597. 5319937.5 75. 32
26.648 18 BAT 0 124 0 0 1 32 0 0
26.736 18 NAVIGATION 0 2 0. 0. 0. 0. 0 0
26.772 18 GPS 0 0 0 0 0 0 0 0 0 0 0
26.788 18 GYRO_RATES -324 -5.632778 0.
26.844 18 ATTITUDE 1.564772 0. 1.421637
26.940 18 ESTIMATOR 0. 0.
26.960 18 ENERGY 12.4 0. 0 0.
26.988 18 NAVIGATION 0 2 0. 0. 0. 0. 0 0
26.996 18 DOWNLINK_STATUS 27 13421 605 0 489. 21. 43.74
27.024 18 GPS 0 0 0 0 0 0 0 0 0 0 0
27.048 18 WP_MOVED 7 665340.8125 5320018.5 75. 32
27.056 18 DL_VALUE 10 -0.062832
27.212 18 DESIRED 0. 0.16 0. 0. 0. 700. 0.
27.237 18 NAVIGATION 0 2 0. 0. 0. 0. 0 0
27.272 18 GPS 0 0 0 0 0 0 0 0 0 0 0
27.300 18 NAVIGATION 0 2 0. 0. 0. 0. 0 0
27.344 18 ATTITUDE 1.563232 0. 1.421111
27.440 18 ESTIMATOR 0. 0.
27.484 18 NAVIGATION 0 2 0. 0. 0. 0. 0 0
27.520 18 GPS 0 0 0 0 0 0 0 0 0 0 0
27.548 18 WP_MOVED 8 665734.375 5320238.5 75. 32
27.564 18 IR_SENSORS -20 334 354 314 21
27.724 18 FBW_STATUS 2 0 1 124 0
27.753 18 NAVIGATION 0 2 0. 0. 0. 0. 0 0
27.784 18 GPS 0 0 0 0 0 0 0 0 0 0 0
27.804 18 BAT 0 124 0 0 1 34 0 0
27.844 18 ATTITUDE 1.557585 0. 1.416027
27.860 18 GYRO_RATES -325 -5.650163 0.
27.872 18 CALIBRATION 0. 0
27.940 18 ESTIMATOR 0. 0.
27.984 18 NAVIGATION 0 2 0. 0. 0. 0. 0 0
27.996 18 DOWNLINK_STATUS 28 13909 627 0 488. 22. 43.74
28.020 18 GPS 0 0 0 0 0 0 0 0 0 0 0
28.048 18 WP_MOVED 9 665345.5 5320111.5 75. 32
28.144 18 GPS_SOL 0 0 0 0
28.236 18 NAVIGATION 0 2 0. 0. 0. 0. 0 0
28.272 18 GPS 0 0 0 0 0 0 0 0 0 0 0
28.296 18 NAVIGATION 0 2 0. 0. 0. 0. 0 0
28.332 18 DESIRED 0. 0.16 0. 0. 0. 700. 0.
28.352 18 ATTITUDE 1.567479 0. 1.42411
28.440 18 ESTIMATOR 0. 0.
28.484 18 NAVIGATION 0 2 0. 0. 0. 0. 0 0
28.520 18 GPS 0 0 0 0 0 0 0 0 0 0 0
28.548 18 WP_MOVED 0 665502. 5319991. 75. 32
28.556 18 DL_VALUE 11 0.087266
28.736 18 NAVIGATION 0 2 0. 0. 0. 0. 0 0
28.772 18 GPS 0 0 0 0 0 0 0 0 0 0 0
28.788 18 IR_SENSORS -20 334 354 314 21
28.824 18 COMMANDS 0,3998,-9600
28.844 18 ATTITUDE 1.564556 0. 1.421811
28.864 18 BAT 0 124 0 0 1 35 0 0
28.924 18 ACTUATORS 1290,1726,0,1000
28.940 18 ESTIMATOR 0. 0.
28.956 18 GYRO_RATES -325 -5.650163 0.
28.984 18 NAVIGATION 0 2 0. 0. 0. 0. 0 0
28.997 18 DOWNLINK_STATUS 29 14417 650 0 508. 23. 43.74
29.020 18 GPS 0 0 0 0 0 0 0 0 0 0 0
29.048 18 WP_MOVED 1 665460. 5319949. 75. 32
29.236 18 NAVIGATION 0 2 0. 0. 0. 0. 0 0
29.272 18 GPS 0 0 0 0 0 0 0 0 0 0 0
29.296 18 NAVIGATION 0 2 0. 0. 0. 0. 0 0
29.332 18 DESIRED 0. 0.16 0. 0. 0. 700. 0.
29.352 18 ATTITUDE 1.564556 0. 1.422155
29.440 18 ESTIMATOR 0. 0.
29.460 18 ENERGY 12.4 0. 0 0.
29.488 18 NAVIGATION 0 2 0. 0. 0. 0. 0 0
29.524 18 GPS 0 0 0 0 0 0 0 0 0 0 0
29.544 18 WP_MOVED 2 665509.5 5320029. 75. 32
29.572 18 ALIVE 234,232,121,223,242,64,180,13,219,168,219,104,18,121,95,82
29.636 18 PPRZ_MODE 2 0 0 0 0 6
29.727 18 FBW_STATUS 2 0 1 124 0
29.752 18 NAVIGATION 0 2 0. 0. 0. 0. 0 0
29.784 18 GPS 0 0 0 0 0 0 0 0 0 0 0
29.844 18 ATTITUDE 1.566636 0. 1.42411
29.940 18 ESTIMATOR 0. 0.
29.960 18 BAT 0 124 0 0 1 36 0 0
29.976 18 IR_SENSORS -17 334 351 317 22
29.988 18 CALIBRATION 0. 0
29.998 18 DOWNLINK_STATUS 30 14907 672 0 490. 22. 43.74
30.016 18 NAVIGATION 0 2 0. 0. 0. 0. 0 0
30.052 18 GPS 0 0 0 0 0 0 0 0 0 0 0
30.072 18 WP_MOVED 3 665540. 5320049. 75. 32
30.088 18 GYRO_RATES -326 -5.667548 0.
30.100 18 DL_VALUE 0 700.
30.144 18 GPS_SOL 0 0 0 0
30.236 18 NAVIGATION 0 2 0. 0. 0. 0. 0 0
30.272 18 GPS 0 0 0 0 0 0 0 0 0 0 0
30.296 18 NAVIGATION 0 2 0. 0. 0. 0. 0 0
30.344 18 ATTITUDE 1.564339 0. 1.421637
30.380 18 DESIRED 0. 0.16 0. 0. 0. 700. 0.
30.440 18 ESTIMATOR 0. 0.
30.452 18 DOWNLINK 0 499 829
30.484 18 NAVIGATION 0 2 0. 0. 0. 0. 0 0
30.520 18 GPS 0 0 0 0 0 0 0 0 0 0 0
30.528 18 PONG 
30.548 18 WP_MOVED 4 665470.125 5320139. 75. 32
30.736 18 NAVIGATION 0 2 0. 0. 0. 0. 0 0
30.772 18 GPS 0 0 0 0 0 0 0 0 0 0 0
30.844 18 ATTITUDE 1.564339 0. 1.420934
30.860 18 NAVIGATION_REF 665460 5319949 32
30.940 18 ESTIMATOR 0. 0.
30.984 18 NAVIGATION 0 2 0. 0. 0. 0. 0 0
30.999 18 DOWNLINK_STATUS 31 15409 695 0 502. 23. 43.75
31.020 18 GPS 0 0 0 0 0 0 0 0 0 0 0
31.044 18 WP_MOVED 5 665592.3125 5320088. 75. 32
31.068 18 BAT 0 124 0 0 1 37 0 0
31.140 18 GYRO_RATES -324 -5.632778 0.
31.160 18 IR_SENSORS -20 334 354 314 21
31.236 18 NAVIGATION 0 2 0. 0. 0. 0. 0 0
31.272 18 GPS 0 0 0 0 0 0 0 0 0 0 0
31.296 18 NAVIGATION 0 2 0. 0. 0. 0. 0 0
31.344 18 ATTITUDE 1.5639 0. 1.421287
31.412 18 DESIRED 0. 0.16 0. 0. 0. 700. 0.
31.440 18 ESTIMATOR 0. 0.
31.484 18 NAVIGATION 0 2 0. 0. 0. 0. 0 0
31.520 18 GPS 0 0 0 0 0 0 0 0 0 0 0
31.544 18 WP_MOVED 6 665597. 5319937.5 75. 32
31.556 18 DL_VALUE 1 0.
31.724 18 FBW_STATUS 2 0 1 124 0
31.750 18 NAVIGATION 0 2 0. 0. 0. 0. 0 0
31.784 18 GPS 0 0 0 0 0 0 0 0 0 0 0
31.844 18 ATTITUDE 1.566206 0. 1.423085
31.940 18 ESTIMATOR 0. 0.
31.960 18 ENERGY 12.4 0. 0 0.
31.988 18 NAVIGATION 0 2 0. 0. 0. 0. 0 0
32.000 18 DOWNLINK_STATUS 32 15906 717 0 497. 22. 43.75
32.024 18 GPS 0 0 0 0 0 0 0 0 0 0 0
32.044 18 WP_MOVED 7 665340.8125 5320018.5 75. 32
32.056 18 CALIBRATION 0. 0
32.144 18 BAT 0 124 0 0 1 38 0 0
32.164 18 GPS_SOL 0 0 0 0
32.236 18 NAVIGATION 0 2 0. 0. 0. 0. 0 0
32.272 18 GPS 0 0 0 0 0 0 0 0 0 0 0
32.296 18 NAVIGATION 0 2 0. 0. 0. 0. 0 0
32.316 18 GYRO_RATES -323 -5.615392 0.
32.344 18 ATTITUDE 1.572806 0. 1.428672
32.360 18 IR_SENSORS -17 329 346 312 19
32.440 18 ESTIMATOR 0. 0.
32.476 18 DESIRED 0. 0.16 0. 0. 0. 700. 0.
32.504 18 NAVIGATION 0 2 0. 0. 0. 0. 0 0
32.536 18 GPS 0 0 0 0 0 0 0 0 0 0 0
32.556 18 WP_MOVED 8 665734.375 5320238.5 75. 32
32.736 18 NAVIGATION 0 2 0. 0. 0. 0. 0 0
32.772 18 GPS 0 0 0 0 0 0 0 0 0 0 0
32.844 18 ATTITUDE 1.5639 0. 1.420934
32.940 18 ESTIMATOR 0. 0.
32.984 18 NAVIGATION 0 2 0. 0. 0. 0. 0 0
33.000 18 DOWNLINK_STATUS 33 16386 738 0 480. 21. 43.75
33.020 18 GPS 0 0 0 0 0 0 0 0 0 0 0
33.044 18 WP_MOVED 9 665345.5 5320111.5 75. 32
33.056 18 DL_VALUE 2 0.
33.236 18 NAVIGATION 0 2 0. 0. 0. 0. 0 0
33.272 18 GPS 0 0 0 0 0 0 0 0 0 0 0
33.296 18 NAVIGATION 0 2 0. 0. 0. 0. 0 0
33.320 18 BAT 0 124 0 0 1 39 0 0
33.344 18 ATTITUDE 1.566636 0. 1.423085
33.360 18 GYRO_RATES -324 -5.632778 0.
33.440 18 ESTIMATOR 0. 0.
33.484 18 NAVIGATION 0 2 0. 0. 0. 0. 0 0
33.520 18 GPS 0 0 0 0 0 0 0 0 0 0 0
33.556 18 DESIRED 0. 0.16 0. 0. 0. 700. 0.
33.576 18 WP_MOVED 0 665502. 5319991. 75. 32
33.592 18 IR_SENSORS -17 327 344 310 21
33.724 18 FBW_STATUS 2 0 1 124 0
33.752 18 NAVIGATION 0 2 0. 0. 0. 0. 0 0
33.784 18 GPS 0 0 0 0 0 0 0 0 0 0 0
33.820 18 COMMANDS 0,4174,-9600
33.844 18 ATTITUDE 1.56599 0. 1.422559
33.924 18 ACTUATORS 1290,1717,0,1000
33.940 18 ESTIMATOR 0. 0.
33.984 18 NAVIGATION 0 2 0. 0. 0. 0. 0 0
34.001 18 DOWNLINK_STATUS 34 16891 761 0 505. 23. 43.75
34.020 18 GPS 0 0 0 0 0 0 0 0 0 0 0
34.044 18 WP_MOVED 1 665460. 5319949. 75. 32
34.144 18 GPS_SOL 0 0 0 0
34.156 18 CALIBRATION 0. 0
34.236 18 NAVIGATION 0 2 0. 0. 0. 0. 0 0
34.272 18 GPS 0 0 0 0 0 0 0 0 0 0 0
34.296 18 NAVIGATION 0 2 0. 0. 0. 0. 0 0
34.344 18 ATTITUDE 1.573192 0. 1.428986
34.364 18 BAT 0 124 0 0 1 40 0 0
34.440 18 ESTIMATOR 0. 0.
34.456 18 GYRO_RATES -321 -5.580622 0.
34.476 18 ENERGY 12.4 0. 0 0.
34.504 18 NAVIGATION 0 2 0. 0. 0. 0. 0 0
34.540 18 GPS 0 0 0 0 0 0 0 0 0 0 0
34.560 18 WP_MOVED 2 665509.5 5320029. 75. 32
34.596 18 DESIRED 0. 0.16 0. 0. 0. 700. 0.
34.608 18 DL_VALUE 3 0.
34.632 18 ALIVE 234,232,121,223,242,64,180,13,219,168,219,104,18,121,95,82
34.644 18 PPRZ_MODE 2 0 0 0 0 6
34.736 18 NAVIGATION 0 2 0. 0. 0. 0. 0 0
34.772 18 GPS 0 0 0 0 0 0 0 0 0 0 0
34.788 18 IR_SENSORS -16 325 341 309 19
34.844 18 ATTITUDE 1.572806 0. 1.428031
34.940 18 ESTIMATOR 0. 0.
34.984 18 NAVIGATION 0 2 0. 0. 0. 0. 0 0
35.002 18 DOWNLINK_STATUS 35 17437 786 0 546. 25. 43.75
35.020 18 GPS 0 0 0 0 0 0 0 0 0 0 0
35.044 18 WP_MOVED 3 665540. 5320049. 75. 32
35.236 18 NAVIGATION 0 2 0. 0. 0. 0. 0 0
35.272 18 GPS 0 0 0 0 0 0 0 0 0 0 0
35.280 18 WIND_INFO 18 42 0. 0. 0.
35.296 18 NAVIGATION 0 2 0. 0. 0. 0. 0 0
35.344 18 ATTITUDE 1.573 0. 1.428193
35.440 18 ESTIMATOR 0. 0.
35.460 18 BAT 0 124 0 0 1 41 0 0
35.488 18 NAVIGATION 0 2 0. 0. 0. 0. 0 0
35.524 18 GPS 0 0 0 0 0 0 0 0 0 0 0
35.528 18 PONG 
35.548 18 WP_MOVED 4 665470.125 5320139. 75. 32
35.564 18 GYRO_RATES -318 -5.528467 0.
35.576 18 DOWNLINK 0 499 944
35.612 18 DESIRED 0. 0.16 0. 0. 0. 700. 0.
35.724 18 FBW_STATUS 2 0 1 124 0
35.749 18 NAVIGATION 0 2 0. 0. 0. 0. 0 0
35.784 18 GPS 0 0 0 0 0 0 0 0 0 0 0
35.844 18 ATTITUDE 1.575441 0. 1.430168
35.940 18 ESTIMATOR 0. 0.
35.956 18 IR_SENSORS -15 319 334 304 18
35.984 18 NAVIGATION 0 2 0. 0. 0. 0. 0 0
36.003 18 DOWNLINK_STATUS 36 17920 808 0 483. 22. 42.88
36.020 18 GPS 0 0 0 0 0 0 0 0 0 0 0
36.044 18 WP_MOVED 5 665592.3125 5320088. 75. 32
36.056 18 DL_VALUE 4 80.
36.144 18 GPS_SOL 0 0 0 0
36.237 18 NAVIGATION 0 2 0. 0. 0. 0. 0 0
36.268 18 GPS 0 0 0 0 0 0 0 0 0 0 0
36.296 18 NAVIGATION 0 2 0. 0. 0. 0. 0 0
36.308 18 CALIBRATION 0. 0
36.344 18 ATTITUDE 1.574872 0. 1.430326
36.440 18 ESTIMATOR 0. 0.
36.484 18 NAVIGATION 0 2 0. 0. 0. 0. 0 0
36.520 18 GPS 0 0 0 0 0 0 0 0 0 0 0
36.544 18 WP_MOVED 6 665597. 5319937.5 75. 32
36.568 18 BAT 0 124 0 0 1 42 0 0
36.660 18 DESIRED 0. 0.16 0. 0. 0. 700. 0.
36.676 18 GYRO_RATES -320 -5.563237 0.
36.737 18 NAVIGATION 0 2 0. 0. 0. 0. 0 0
36.772 18 GPS 0 0 0 0 0 0 0 0 0 0 0
36.844 18 ATTITUDE 1.584164 0. 1.438784
36.940 18 ESTIMATOR 0. 0.
36.960 18 ENERGY 12.4 0. 0 0.
36.988 18 NAVIGATION 0 2 0. 0. 0. 0. 0 0
37.004 18 DOWNLINK_STATUS 37 18415 830 0 495. 22. 42.88
37.020 18 GPS 0 0 0 0 0 0 0 0 0 0 0
37.044 18 WP_MOVED 7 665340.8125 5320018.5 75. 32
37.140 18 IR_SENSORS -15 317 332 302 18
37.238 18 NAVIGATION 0 2 0. 0. 0. 0. 0 0
37.272 18 GPS 0 0 0 0 0 0 0 0 0 0 0
37.296 18 NAVIGATION 0 2 0. 0. 0. 0. 0 0
37.344 18 ATTITUDE 1.575063 0. 1.42985
37.440 18 ESTIMATOR 0. 0.
37.484 18 NAVIGATION 0 2 0. 0. 0. 0. 0 0
37.520 18 GPS 0 0 0 0 0 0 0 0 0 0 0
37.544 18 WP_MOVED 8 665734.375 5320238.5 75. 32
37.556 18 DL_VALUE 5 2.
37.644 18 BAT 0 124 0 0 1 43 0 0
37.712 18 DESIRED 0. 0.16 0. 0. 0. 700. 0.
37.724 18 FBW_STATUS 2 0 1 124 0
37.752 18 NAVIGATION 0 2 0. 0. 0. 0. 0 0
37.788 18 GPS 0 0 0 0 0 0 0 0 0 0 0
37.804 18 GYRO_RATES -312 -5.424156 0.
37.844 18 ATTITUDE 1.581217 0. 1.435229
37.940 18 ESTIMATOR 0. 0.
37.984 18 NAVIGATION 0 2 0. 0. 0. 0. 0 0
38.004 18 DOWNLINK_STATUS 38 18892 851 0 477. 21. 42.88
38.020 18 GPS 0 0 0 0 0 0 0 0 0 0 0
38.044 18 WP_MOVED 9 665345.5 5320111.5 75. 32
38.140 18 GPS_SOL 0 0 0 0
38.240 18 NAVIGATION 0 2 0. 0. 0. 0. 0 0
38.268 18 GPS 0 0 0 0 0 0 0 0 0 0 0
38.296 18 NAVIGATION 0 2 0. 0. 0. 0. 0 0
38.344 18 ATTITUDE 1.584326 0. 1.43755
38.360 18 IR_SENSORS -11 315 326 304 15
38.372 18 CALIBRATION 0. 0
38.440 18 ESTIMATOR 0. 0.
38.484 18 NAVIGATION 0 2 0. 0. 0. 0. 0 0
38.520 18 GPS 0 0 0 0 0 0 0 0 0 0 0
38.544 18 WP_MOVED 0 665502. 5319991. 75. 32
38.740 18 NAVIGATION 0 2 0. 0. 0. 0. 0 0
38.768 18 GPS 0 0 0 0 0 0 0 0 0 0 0
38.804 18 DESIRED 0. 0.17 0. 0. 0. 700. 0.
38.828 18 BAT 0 124 0 0 1 45 0 0
38.840 18 COMMANDS 0,4609,-9600
38.860 18 ATTITUDE 1.589439 0. 1.442414
38.876 18 GYRO_RATES -303 -5.26769 0.
38.924 18 ACTUATORS 1290,1696,0,1000
38.940 18 ESTIMATOR 0. 0.
38.984 18 NAVIGATION 0 2 0. 0. 0. 0. 0 0
39.004 18 DOWNLINK_STATUS 39 19400 874 0 508. 23. 42.88
39.020 18 GPS 0 0 0 0 0 0 0 0 0 0 0
39.044 18 WP_MOVED 1 665460. 5319949. 75. 32
39.056 18 DL_VALUE 6 0.
39.236 18 NAVIGATION 0 2 0. 0. 0. 0. 0 0
39.268 18 GPS 0 0 0 0 0 0 0 0 0 0 0
39.296 18 NAVIGATION 0 2 0. 0. 0. 0. 0 0
39.344 18 ATTITUDE 1.599743 0. 1.451387
39.440 18 ESTIMATOR 0. 0.
39.460 18 ENERGY 12.4 0. 0 0.
39.488 18 NAVIGATION 0 2 0. 0. 0. 0. 0 0
39.520 18 GPS 0 0 0 0 0 0 0 0 0 0 0
39.544 18 WP_MOVED 2 665509.5 5320029. 75. 32
39.560 18 IR_SENSORS -5 296 301 291 0
39.588 18 ALIVE 234,232,121,223,242,64,180,13,219,168,219,104,18,121,95,82
39.636 18 PPRZ_MODE 2 0 0 0 0 6
39.724 18 FBW_STATUS 2 0 1 124 0
39.748 18 NAVIGATION 0 2 0. 0. 0. 0. 0 0
39.784 18 GPS 0 0 0 0 0 0 0 0 0 0 0
39.820 18 DESIRED 0. 0.15 0. 0. 0. 700. 0.
39.844 18 ATTITUDE 1.630227 0. 1.480152
39.864 18 BAT 0 124 0 0 1 46 0 0
39.880 18 NAVIGATION_REF 665460 5319949 32
39.940 18 ESTIMATOR 0. 0.
39.956 18 GYRO_RATES -300 -5.215535 0.
39.984 18 NAVIGATION 0 2 0. 0. 0. 0. 0 0
40.004 18 DOWNLINK_STATUS 40 19947 899 0 547. 25. 42.88
40.020 18 GPS 0 0 0 0 0 0 0 0 0 0 0
40.044 18 WP_MOVED 3 665540. 5320049. 75. 32
40.144 18 GPS_SOL 0 0 0 0
40.236 18 NAVIGATION 0 2 0. 0. 0. 0. 0 0
40.268 18 GPS 0 0 0 0 0 0 0 0 0 0 0
40.296 18 NAVIGATION 0 2 0. 0. 0. 0. 0 0
40.344 18 ATTITUDE 1.609742 0. 1.460583
40.440 18 ESTIMATOR 0. 0.
40.452 18 CALIBRATION 0. 0
40.484 18 NAVIGATION 0 2 0. 0. 0. 0. 0 0
40.520 18 GPS 0 0 0 0 0 0 0 0 0 0 0
40.524 18 PONG 
40.548 18 WP_MOVED 4 665470.125 5320139. 75. 32
40.560 18 DL_VALUE 7 1.
40.636 18 DOWNLINK 0 492 1058
40.736 18 NAVIGATION 0 2 0. 0. 0. 0. 0 0
40.772 18 GPS 0 0 0 0 0 0 0 0 0 0 0
40.788 18 IR_SENSORS -5 296 301 291 6
40.844 18 ATTITUDE 1.623628 0. 1.473662
40.880 18 DESIRED 0. 0.17 0. 0. 0. 700. 0.
40.940 18 ESTIMATOR 0. 0.
40.960 18 BAT 0 124 0 0 1 47 0 0
40.989 18 NAVIGATION 0 2 0. 0. 0. 0. 0 0
41.005 18 DOWNLINK_STATUS 41 20439 922 0 492. 23. 38.61
41.020 18 GPS 0 0 0 0 0 0 0 0 0 0 0
41.044 18 WP_MOVED 5 665592.3125 5320088. 75. 32
41.064 18 GYRO_RATES -290 -5.041684 0.
41.236 18 NAVIGATION 0 2 0. 0. 0. 0. 0 0
41.272 18 GPS 0 0 0 0 0 0 0 0 0 0 0
41.296 18 NAVIGATION 0 2 0. 0. 0. 0. 0 0
41.344 18 ATTITUDE 1.648552 0. 1.498127
41.440 18 ESTIMATOR 0. 0.
41.484 18 NAVIGATION 0 2 0. 0. 0. 0. 0 0
41.520 18 GPS 0 0 0 0 0 0 0 0 0 0 0
41.544 18 WP_MOVED 6 665597. 5319937.5 75. 32
41.724 18 FBW_STATUS 2 0 1 124 0
41.748 18 NAVIGATION 0 2 0. 0. 0. 0. 0 0
41.784 18 GPS 0 0 0 0 0 0 0 0 0 0 0
41.844 18 ATTITUDE 1.637238 0. 1.48714
41.912 18 DESIRED 0. 0.15 0. 0. 0. 700. 0.
41.940 18 ESTIMATOR 0. 0.
41.956 18 IR_SENSORS 3 272 269 275 -6
41.976 18 ENERGY 12.4 0. 0 0.
42.004 18 NAVIGATION 0 2 0. 0. 0. 0. 0 0
42.005 18 DOWNLINK_STATUS 42 20905 942 0 466. 20. 38.61
42.040 18 GPS 0 0 0 0 0 0 0 0 0 0 0
42.060 18 WP_MOVED 7 665340.8125 5320018.5 75. 32
42.080 18 BAT 0 124 0 0 1 48 0 0
42.092 18 DL_VALUE 8 0.
42.140 18 GYRO_RATES -271 -4.711366 0.
42.160 18 GPS_SOL 0 0 0 0
42.236 18 NAVIGATION 0 2 0. 0. 0. 0. 0 0
42.272 18 GPS 0 0 0 0 0 0 0 0 0 0 0
42.296 18 NAVIGATION 0 2 0. 0. 0. 0. 0 0
42.344 18 ATTITUDE 1.637187 0. 1.487166
42.440 18 ESTIMATOR 0. 0.
42.484 18 NAVIGATION 0 2 0. 0. 0. 0. 0 0
42.520 18 GPS 0 0 0 0 0 0 0 0 0 0 0
42.544 18 WP_MOVED 8 665734.375 5320238.5 75. 32
42.556 18 CALIBRATION 0. 0
42.736 18 NAVIGATION 0 2 0. 0. 0. 0. 0 0
42.768 18 GPS 0 0 0 0 0 0 0 0 0 0 0
42.844 18 ATTITUDE 1.609327 0. 1.460201
42.940 18 ESTIMATOR 0. 0.
42.976 18 DESIRED 0. 0.17 0. 0. 0. 700. 0.
43.000 18 NAVIGATION 0 2 0. 0. 0. 0. 0 0
43.006 18 DOWNLINK_STATUS 43 21380 963 0 475. 21. 38.61
43.036 18 GPS 0 0 0 0 0 0 0 0 0 0 0
43.056 18 WP_MOVED 9 665345.5 5320111.5 75. 32
43.144 18 BAT 0 124 0 0 1 49 0 0
43.164 18 IR_SENSORS -5 293 298 288 6
43.236 18 NAVIGATION 0 2 0. 0. 0. 0. 0 0
43.268 18 GPS 0 0 0 0 0 0 0 0 0 0 0
43.296 18 NAVIGATION 0 2 0. 0. 0. 0. 0 0
43.312 18 GYRO_RATES -289 -5.024298 0.
43.344 18 ATTITUDE 1.61287 0. 1.463466
43.440 18 ESTIMATOR 0. 0.
43.484 18 NAVIGATION 0 2 0. 0. 0. 0. 0 0
43.520 18 GPS 0 0 0 0 0 0 0 0 0 0 0
43.544 18 WP_MOVED 0 665502. 5319991. 75. 32
43.556 18 DL_VALUE 9 65535.
43.724 18 FBW_STATUS 2 0 1 124 0
43.748 18 NAVIGATION 0 2 0. 0. 0. 0. 0 0
43.784 18 GPS 0 0 0 0 0 0 0 0 0 0 0
43.820 18 COMMANDS 0,6885,9600
43.844 18 ATTITUDE 1.681386 0. 1.532733
43.924 18 ACTUATORS 1290,1000,0,1627
43.940 18 ESTIMATOR 0. 0.
43.984 18 NAVIGATION 0 2 0. 0. 0. 0. 0 0
44.007 18 DOWNLINK_STATUS 44 21851 985 0 471. 22. 38.61
44.020 18 GPS 0 0 0 0 0 0 0 0 0 0 0
44.056 18 DESIRED 0. 0.15 0. 0. 0. 700. 0.
44.076 18 WP_MOVED 1 665460. 5319949. 75. 32
44.144 18 GPS_SOL 0 0 0 0
44.236 18 NAVIGATION 0 2 0. 0. 0. 0. 0 0
44.268 18 GPS 0 0 0 0 0 0 0 0 0 0 0
44.296 18 NAVIGATION 0 2 0. 0. 0. 0. 0 0
44.320 18 BAT 0 124 0 0 1 50 0 0
44.344 18 ATTITUDE 1.671204 0. 1.523192
44.360 18 GYRO_RATES -265 -4.607056 0.
44.376 18 IR_SENSORS 7 259 252 266 -10
44.440 18 ESTIMATOR 0. 0.
44.460 18 ENERGY 12.4 0. 0 0.
44.488 18 NAVIGATION 0 2 0. 0. 0. 0. 0 0
44.520 18 GPS 0 0 0 0 0 0 0 0 0 0 0
44.544 18 WP_MOVED 2 665509.5 5320029. 75. 32
44.568 18 ALIVE 234,232,121,223,242,64,180,13,219,168,219,104,18,121,95,82
44.636 18 CALIBRATION 0. 0
44.648 18 PPRZ_MODE 2 0 0 0 0 6
44.736 18 NAVIGATION 0 2 0. 0. 0. 0. 0 0
44.772 18 GPS 0 0 0 0 0 0 0 0 0 0 0
44.844 18 ATTITUDE 1.697598 0. 1.552916
44.940 18 ESTIMATOR 0. 0.
44.984 18 NAVIGATION 0 2 0. 0. 0. 0. 0 0
45.008 18 DOWNLINK_STATUS 45 22386 1009 0 535. 24. 38.61
45.020 18 GPS 0 0 0 0 0 0 0 0 0 0 0
45.044 18 WP_MOVED 3 665540. 5320049. 75. 32
45.080 18 DESIRED 0. 0.18 0. 0. 0. 700. 0.
45.092 18 DL_VALUE 10 -0.062832
45.236 18 NAVIGATION 0 2 0. 0. 0. 0. 0 0
45.268 18 GPS 0 0 0 0 0 0 0 0 0 0 0
45.280 18 WIND_INFO 18 42 0. 0. 0.
45.296 18 NAVIGATION 0 2 0. 0. 0. 0. 0 0
45.344 18 ATTITUDE 1.673474 0. 1.526209
45.364 18 BAT 0 124 0 0 1 51 0 0
45.440 18 ESTIMATOR 0. 0.
45.456 18 GYRO_RATES -275 -4.780907 0.
45.484 18 NAVIGATION 0 2 0. 0. 0. 0. 0 0
45.520 18 GPS 0 0 0 0 0 0 0 0 0 0 0
45.524 18 PONG 
45.548 18 WP_MOVED 4 665470.125 5320139. 75. 32
45.564 18 IR_SENSORS 14 268 254 282 -19
45.724 18 FBW_STATUS 2 0 1 124 0
45.752 18 NAVIGATION 0 2 0. 0. 0. 0. 0 0
45.784 18 GPS 0 0 0 0 0 0 0 0 0 0 0
45.796 18 DOWNLINK 0 503 1173
45.844 18 ATTITUDE 1.687812 0. 1.542071
45.940 18 ESTIMATOR 0. 0.
45.984 18 NAVIGATION 0 2 0. 0. 0. 0. 0 0
46.008 18 DOWNLINK_STATUS 46 22880 1032 0 494. 23. 37.6
46.035 18 GPS 0 0 0 0 0 0 0 0 0 0 0
46.044 18 WP_MOVED 5 665592.3125 5320088. 75. 32
46.108 18 DESIRED 0. 0.15 0. 0. 0. 700. 0.
46.144 18 GPS_SOL 0 0 0 0
46.236 18 NAVIGATION 0 2 0. 0. 0. 0. 0 0
46.268 18 GPS 0 0 0 0 0 0 0 0 0 0 0
46.296 18 NAVIGATION 0 2 0. 0. 0. 0. 0 0
46.344 18 ATTITUDE 1.636939 0. 1.486908
46.440 18 ESTIMATOR 0. 0.
46.460 18 BAT 0 124 0 0 1 52 0 0
46.488 18 NAVIGATION 0 2 0. 0. 0. 0. 0 0
46.520 18 GPS 0 0 0 0 0 0 0 0 0 0 0
46.544 18 WP_MOVED 6 665597. 5319937.5 75. 32
46.560 18 GYRO_RATES -294 -5.111224 0.
46.572 18 DL_VALUE 11 0.087266
46.736 18 NAVIGATION 0 2 0. 0. 0. 0. 0 0
46.768 18 GPS 0 0 0 0 0 0 0 0 0 0 0
46.788 18 IR_SENSORS 4 295 291 299 -3
46.804 18 CALIBRATION 0. 0
46.844 18 ATTITUDE 1.636907 0. 1.486874
46.940 18 ESTIMATOR 0. 0.
46.960 18 ENERGY 12.4 0. 0 0.
46.988 18 NAVIGATION 0 2 0. 0. 0. 0. 0 0
47.008 18 DOWNLINK_STATUS 47 23391 1055 0 511. 23. 37.6
47.020 18 GPS 0 0 0 0 0 0 0 0 0 0 0
47.044 18 WP_MOVED 7 665340.8125 5320018.5 75. 32
47.160 18 DESIRED 0. 0.17 0. 0. 0. 700. 0.
47.236 18 NAVIGATION 0 2 0. 0. 0. 0. 0 0
47.268 18 GPS 0 0 0 0 0 0 0 0 0 0 0
47.296 18 NAVIGATION 0 2 0. 0. 0. 0. 0 0
47.344 18 ATTITUDE 1.637007 0. 1.486955
47.440 18 ESTIMATOR 0. 0.
47.484 18 NAVIGATION 0 2 0. 0. 0. 0. 0 0
47.520 18 GPS 0 0 0 0 0 0 0 0 0 0 0
47.544 18 WP_MOVED 8 665734.375 5320238.5 75. 32
47.564 18 BAT 0 124 0 0 1 53 0 0
47.640 18 GYRO_RATES -293 -5.093839 0.
47.720 18 FBW_STATUS 2 0 1 124 0
47.748 18 NAVIGATION 0 2 0. 0. 0. 0. 0 0
47.784 18 GPS 0 0 0 0 0 0 0 0 0 0 0
47.844 18 ATTITUDE 1.630317 0. 1.480197
47.940 18 ESTIMATOR 0. 0.
47.956 18 IR_SENSORS 0 299 299 299 1
47.984 18 NAVIGATION 0 2 0. 0. 0. 0. 0 0
48.009 18 DOWNLINK_STATUS 48 23857 1075 0 466. 20. 37.6
48.020 18 GPS 0 0 0 0 0 0 0 0 0 0 0
48.044 18 WP_MOVED 9 665345.5 5320111.5 75. 32
48.056 18 DL_VALUE 0 700.
48.140 18 GPS_SOL 0 0 0 0
48.208 18 DESIRED 0. 0.15 0. 0. 0. 700. 0.
48.236 18 NAVIGATION 0 2 0. 0. 0. 0. 0 0
48.271 18 GPS 0 0 0 0 0 0 0 0 0 0 0
48.300 18 NAVIGATION 0 2 0. 0. 0. 0. 0 0
48.344 18 ATTITUDE 1.630261 0. 1.48014
48.440 18 ESTIMATOR 0. 0.
48.484 18 NAVIGATION 0 2 0. 0. 0. 0. 0 0
48.520 18 GPS 0 0 0 0 0 0 0 0 0 0 0
48.544 18 WP_MOVED 0 665502. 5319991. 75. 32
48.644 18 BAT 0 124 0 0 1 54 0 0
48.736 18 NAVIGATION 0 2 0. 0. 0. 0. 0 0
48.768 18 GPS 0 0 0 0 0 0 0 0 0 0 0
48.784 18 GYRO_RATES -293 -5.093839 0.
48.820 18 COMMANDS 0,4334,-9600
48.844 18 ATTITUDE 1.630261 0. 1.480163
48.856 18 CALIBRATION 0. 0
48.868 18 NAVIGATION_REF 665460 5319949 32
48.924 18 ACTUATORS 1290,1710,0,1000
48.940 18 ESTIMATOR 0. 0.
48.984 18 NAVIGATION 0 2 0. 0. 0. 0. 0 0
49.010 18 DOWNLINK_STATUS 49 24375 1099 0 518. 24. 37.6
49.020 18 GPS 0 0 0 0 0 0 0 0 0 0 0
49.044 18 WP_MOVED 1 665460. 5319949. 75. 32
49.140 18 IR_SENSORS 1 296 295 297 1
49.236 18 NAVIGATION 0 2 0. 0. 0. 0. 0 0
49.268 18 GPS 0 0 0 0 0 0 0 0 0 0 0
49.296 18 NAVIGATION 0 2 0. 0. 0. 0. 0 0
49.332 18 DESIRED 0. 0.17 0. 0. 0. 700. 0.
49.352 18 ATTITUDE 1.623459 0. 1.473361
49.440 18 ESTIMATOR 0. 0.
49.460 18 ENERGY 12.4 0. 0 0.
49.488 18 NAVIGATION 0 2 0. 0. 0. 0. 0 0
49.520 18 GPS 0 0 0 0 0 0 0 0 0 0 0
49.544 18 WP_MOVED 2 665509.5 5320029. 75. 32
49.556 18 DL_VALUE 1 0.
49.580 18 ALIVE 234,232,121,223,242,64,180,13,219,168,219,104,18,121,95,82
49.636 18 PPRZ_MODE 2 0 0 0 0 6
49.720 18 FBW_STATUS 2 0 1 124 0
49.748 18 NAVIGATION 0 2 0. 0. 0. 0. 0 0
49.784 18 GPS 0 0 0 0 0 0 0 0 0 0 0
49.804 18 BAT 0 124 0 0 1 56 0 0
49.844 18 ATTITUDE 1.623561 0. 1.473463
49.860 18 GYRO_RATES -292 -5.076454 0.
49.940 18 ESTIMATOR 0. 0.
49.984 18 NAVIGATION 0 2 0. 0. 0. 0. 0 0
50.011 18 DOWNLINK_STATUS 50 24907 1123 0 532. 24. 37.6
50.020 18 GPS 0 0 0 0 0 0 0 0 0 0 0
50.044 18 WP_MOVED 3 665540. 5320049. 75. 32
50.140 18 GPS_SOL 0 0 0 0
50.236 18 NAVIGATION 0 2 0. 0. 0. 0. 0 0
50.268 18 GPS 0 0 0 0 0 0 0 0 0 0 0
50.296 18 NAVIGATION 0 2 0. 0. 0. 0. 0 0
50.332 18 DESIRED 0. 0.16 0. 0. 0. 700. 0.
50.352 18 ATTITUDE 1.623459 0. 1.473291
50.368 18 IR_SENSORS 1 294 293 295 3
50.440 18 ESTIMATOR 0. 0.
50.484 18 NAVIGATION 0 2 0. 0. 0. 0. 0 0
50.520 18 GPS 0 0 0 0 0 0 0 0 0 0 0
50.524 18 PONG 
50.548 18 WP_MOVED 4 665470.125 5320139. 75. 32
50.736 18 NAVIGATION 0 2 0. 0. 0. 0. 0 0
50.768 18 GPS 0 0 0 0 0 0 0 0 0 0 0
50.844 18 ATTITUDE 1.623595 0. 1.473429
50.864 18 BAT 0 124 0 0 1 57 0 0
50.876 18 DOWNLINK 0 493 1286
50.940 18 ESTIMATOR 0. 0.
50.956 18 GYRO_RATES -290 -5.041684 0.
50.968 18 CALIBRATION 0. 0
50.996 18 NAVIGATION 0 2 0. 0. 0. 0. 0 0
51.012 18 DOWNLINK_STATUS 51 25404 1146 0 497. 23. 36.66
51.060 18 GPS 0 0 0 0 0 0 0 0 0 0 0
51.060 18 WP_MOVED 5 665592.3125 5320088. 75. 32
51.060 18 DL_VALUE 2 0.
51.236 18 NAVIGATION 0 2 0. 0. 0. 0. 0 0
51.268 18 GPS 0 0 0 0 0 0 0 0 0 0 0
51.296 18 NAVIGATION 0 2 0. 0. 0. 0. 0 0
51.344 18 ATTITUDE 1.633628 0. 1.48353
51.380 18 DESIRED 0. 0.17 0. 0. 0. 700. 0.
51.440 18 ESTIMATOR 0. 0.
51.484 18 NAVIGATION 0 2 0. 0. 0. 0. 0 0
51.520 18 GPS 0 0 0 0 0 0 0 0 0 0 0
51.544 18 WP_MOVED 6 665597. 5319937.5 75. 32
51.560 18 IR_SENSORS 4 290 286 294 -1
51.720 18 FBW_STATUS 2 0 1 124 0
51.748 18 NAVIGATION 0 2 0. 0. 0. 0. 0 0
51.784 18 GPS 0 0 0 0 0 0 0 0 0 0 0
51.844 18 ATTITUDE 1.630238 0. 1.480093
51.940 18 ESTIMATOR 0. 0.
51.960 18 BAT 0 124 0 0 1 58 0 0
51.980 18 ENERGY 12.4 0. 0 0.
52.008 18 NAVIGATION 0 2 0. 0. 0. 0. 0 0
52.012 18 DOWNLINK_STATUS 52 25885 1167 0 481. 21. 36.66
52.044 18 GPS 0 0 0 0 0 0 0 0 0 0 0
52.064 18 WP_MOVED 7 665340.8125 5320018.5 75. 32
52.080 18 GYRO_RATES -289 -5.024298 0.
52.140 18 GPS_SOL 0 0 0 0
52.236 18 NAVIGATION 0 2 0. 0. 0. 0. 0 0
52.268 18 GPS 0 0 0 0 0 0 0 0 0 0 0
52.296 18 NAVIGATION 0 2 0. 0. 0. 0. 0 0
52.344 18 ATTITUDE 1.623424 0. 1.473256
52.408 18 DESIRED 0. 0.16 0. 0. 0. 700. 0.
52.440 18 ESTIMATOR 0. 0.
52.484 18 NAVIGATION 0 2 0. 0. 0. 0. 0 0
52.520 18 GPS 0 0 0 0 0 0 0 0 0 0 0
52.544 18 WP_MOVED 8 665734.375 5320238.5 75. 32
52.556 18 DL_VALUE 3 0.
52.736 18 NAVIGATION 0 2 0. 0. 0. 0. 0 0
52.768 18 GPS 0 0 0 0 0 0 0 0 0 0 0
52.788 18 IR_SENSORS 0 293 293 293 4
52.844 18 ATTITUDE 1.613429 0. 1.463466
52.940 18 ESTIMATOR 0. 0.
52.984 18 NAVIGATION 0 2 0. 0. 0. 0. 0 0
53.012 18 DOWNLINK_STATUS 53 26345 1187 0 460. 20. 36.66
53.020 18 GPS 0 0 0 0 0 0 0 0 0 0 0
53.044 18 WP_MOVED 9 665345.5 5320111.5 75. 32
53.064 18 BAT 0 124 0 0 1 59 0 0
53.076 18 CALIBRATION 0. 0
53.140 18 GYRO_RATES -285 -4.954758 0.
53.236 18 NAVIGATION 0 2 0. 0. 0. 0. 0 0
53.268 18 GPS 0 0 0 0 0 0 0 0 0 0 0
53.296 18 NAVIGATION 0 2 0. 0. 0. 0. 0 0
53.344 18 ATTITUDE 1.623459 0. 1.473361
53.440 18 ESTIMATOR 0. 0.
53.476 18 DESIRED 0. 0.17 0. 0. 0. 700. 0.
53.500 18 NAVIGATION 0 2 0. 0. 0. 0. 0 0
53.536 18 GPS 0 0 0 0 0 0 0 0 0 0 0
53.556 18 WP_MOVED 0 665502. 5319991. 75. 32
53.720 18 FBW_STATUS 2 0 1 124 0
53.748 18 NAVIGATION 0 2 0. 0. 0. 0. 0 0
53.784 18 GPS 0 0 0 0 0 0 0 0 0 0 0
53.820 18 COMMANDS 0,3777,-9600
53.844 18 ATTITUDE 1.620251 0. 1.470242
53.924 18 ACTUATORS 1290,1729,0,1000
53.940 18 ESTIMATOR 0. 0.
53.956 18 IR_SENSORS -1 296 297 295 4
53.984 18 NAVIGATION 0 2 0. 0. 0. 0. 0 0
54.012 18 DOWNLINK_STATUS 54 26850 1210 0 505. 23. 36.66
54.020 18 GPS 0 0 0 0 0 0 0 0 0 0 0
54.044 18 WP_MOVED 1 665460. 5319949. 75. 32
54.056 18 DL_VALUE 4 80.
54.144 18 BAT 0 124 0 0 1 60 0 0
54.164 18 GPS_SOL 0 0 0 0
54.236 18 NAVIGATION 0 2 0. 0. 0. 0. 0 0
54.268 18 GPS 0 0 0 0 0 0 0 0 0 0 0
54.296 18 NAVIGATION 0 2 0. 0. 0. 0. 0 0
54.312 18 GYRO_RATES -262 -4.5549 0.
54.344 18 ATTITUDE 1.700665 0. 1.560302
54.440 18 ESTIMATOR 0. 0.
54.460 18 ENERGY 12.4 0. 0 0.
54.488 18 NAVIGATION 0 2 0. 0. 0. 0. 0 0
54.520 18 GPS 0 0 0 0 0 0 0 0 0 0 0
54.556 18 DESIRED 0. 0.15 0. 0. 0. 700. 0.
54.576 18 WP_MOVED 2 665509.5 5320029. 75. 32
54.600 18 ALIVE 234,232,121,223,242,64,180,13,219,168,219,104,18,121,95,82
54.636 18 PPRZ_MODE 2 0 0 0 0 6
54.736 18 NAVIGATION 0 2 0. 0. 0. 0. 0 0
54.768 18 GPS 0 0 0 0 0 0 0 0 0 0 0
54.844 18 ATTITUDE 1.713307 0. -1.565814
54.940 18 ESTIMATOR 0. 0.
54.984 18 NAVIGATION 0 2 0. 0. 0. 0. 0 0
55.013 18 DOWNLINK_STATUS 55 27369 1233 0 519. 23. 36.66
55.020 18 GPS 0 0 0 0 0 0 0 0 0 0 0
55.044 18 WP_MOVED 3 665540. 5320049. 75. 32
55.140 18 IR_SENSORS 18 248 230 266 -21
55.152 18 CALIBRATION 0. 0
55.236 18 NAVIGATION 0 2 0. 0. 0. 0. 0 0
55.269 18 GPS 0 0 0 0 0 0 0 0 0 0 0
55.282 18 WIND_INFO 18 42 0. 0. 0.
55.296 18 NAVIGATION 0 2 0. 0. 0. 0. 0 0
55.316 18 BAT 0 124 0 0 1 61 0 0
55.344 18 ATTITUDE 1.705204 0. 1.565596
55.360 18 GYRO_RATES -240 -4.172428 0.
55.440 18 ESTIMATOR 0. 0.
55.484 18 NAVIGATION 0 2 0. 0. 0. 0. 0 0
55.520 18 GPS 0 0 0 0 0 0 0 0 0 0 0
55.524 18 PONG 
55.548 18 WP_MOVED 4 665470.125 5320139. 75. 32
55.580 18 DESIRED 0. 0.18 0. 0. 0. 700. 0.
55.592 18 DL_VALUE 5 2.
55.720 18 FBW_STATUS 2 0 1 124 0
55.748 18 NAVIGATION 0 2 0. 0. 0. 0. 0 0
55.784 18 GPS 0 0 0 0 0 0 0 0 0 0 0
55.844 18 ATTITUDE 1.711827 0. -1.567011
55.940 18 ESTIMATOR 0. 0.
55.948 18 DOWNLINK 0 492 1400
55.984 18 NAVIGATION 0 2 0. 0. 0. 0. 0 0
56.014 18 DOWNLINK_STATUS 56 27874 1257 0 505. 24. 36.05
56.020 18 GPS 0 0 0 0 0 0 0 0 0 0 0
56.067 18 WP_MOVED 5 665592.3125 5320088. 75. 32
56.140 18 GPS_SOL 0 0 0 0
56.236 18 NAVIGATION 0 2 0. 0. 0. 0. 0 0
56.271 18 GPS 0 0 0 0 0 0 0 0 0 0 0
56.296 18 NAVIGATION 0 2 0. 0. 0. 0. 0 0
56.344 18 ATTITUDE 1.637018 0. 1.487014
56.364 18 BAT 0 124 0 0 1 62 0 0
56.380 18 IR_SENSORS 4 291 287 295 -1
56.440 18 ESTIMATOR 0. 0.
56.456 18 GYRO_RATES -278 -4.833062 0.
56.484 18 NAVIGATION 0 2 0. 0. 0. 0. 0 0
56.520 18 GPS 0 0 0 0 0 0 0 0 0 0 0
56.544 18 WP_MOVED 6 665597. 5319937.5 75. 32
56.608 18 DESIRED 0. 0.15 0. 0. 0. 700. 0.
56.736 18 NAVIGATION 0 2 0. 0. 0. 0. 0 0
56.772 18 GPS 0 0 0 0 0 0 0 0 0 0 0
56.845 18 ATTITUDE 1.623792 0. 1.473694
56.940 18 ESTIMATOR 0. 0.
56.960 18 ENERGY 12.4 0. 0 0.
56.988 18 NAVIGATION 0 2 0. 0. 0. 0. 0 0
57.015 18 DOWNLINK_STATUS 57 28363 1278 0 489. 21. 36.05
57.020 18 GPS 0 0 0 0 0 0 0 0 0 0 0
57.044 18 WP_MOVED 7 665340.8125 5320018.5 75. 32
57.056 18 DL_VALUE 6 0.
57.236 18 NAVIGATION 0 2 0. 0. 0. 0. 0 0
57.268 18 GPS 0 0 0 0 0 0 0 0 0 0 0
57.296 18 NAVIGATION 0 2 0. 0. 0. 0. 0 0
57.308 18 CALIBRATION 0. 0
57.344 18 ATTITUDE 1.646916 0. 1.497866
57.440 18 ESTIMATOR 0. 0.
57.460 18 BAT 0 124 0 0 1 63 0 0
57.488 18 NAVIGATION 0 2 0. 0. 0. 0. 0 0
57.520 18 GPS 0 0 0 0 0 0 0 0 0 0 0
57.544 18 WP_MOVED 8 665734.375 5320238.5 75. 32
57.560 18 GYRO_RATES -274 -4.763522 0.
57.580 18 IR_SENSORS 11 288 277 299 -6
57.660 18 DESIRED 0. 0.18 0. 0. 0. 700. 0.
57.720 18 FBW_STATUS 2 0 1 124 0
57.748 18 NAVIGATION 0 2 0. 0. 0. 0. 0 0
57.784 18 GPS 0 0 0 0 0 0 0 0 0 0 0
57.844 18 ATTITUDE 1.724617 0. -1.547891
57.860 18 NAVIGATION_REF 665460 5319949 32
57.940 18 ESTIMATOR 0. 0.
57.984 18 NAVIGATION 0 2 0. 0. 0. 0. 0 0
58.016 18 DOWNLINK_STATUS 58 28866 1301 0 503. 23. 36.05
58.020 18 GPS 0 0 0 0 0 0 0 0 0 0 0
58.044 18 WP_MOVED 9 665345.5 5320111.5 75. 32
58.140 18 GPS_SOL 0 0 0 0
58.236 18 NAVIGATION 0 2 0. 0. 0. 0. 0 0
58.268 18 GPS 0 0 0 0 0 0 0 0 0 0 0
58.296 18 NAVIGATION 0 2 0. 0. 0. 0. 0 0
58.344 18 ATTITUDE 1.711537 0. -1.566615
58.440 18 ESTIMATOR 0. 0.
58.484 18 NAVIGATION 0 2 0. 0. 0. 0. 0 0
58.520 18 GPS 0 0 0 0 0 0 0 0 0 0 0
58.544 18 WP_MOVED 0 665502. 5319991. 75. 32
58.564 18 BAT 0 124 0 0 1 64 0 0
58.576 18 DL_VALUE 7 1.
58.640 18 GYRO_RATES -243 -4.224583 0.
58.708 18 DESIRED 0. 0.16 0. 0. 0. 700. 0.
58.736 18 NAVIGATION 0 2 0. 0. 0. 0. 0 0
58.775 18 GPS 0 0 0 0 0 0 0 0 0 0 0
58.788 18 IR_SENSORS 13 282 269 295 -9
58.820 18 COMMANDS 0,3663,-9600
58.844 18 ATTITUDE 1.636973 0. 1.486966
58.924 18 ACTUATORS 1290,1707,0,1000
58.940 18 ESTIMATOR 0. 0.
58.984 18 NAVIGATION 0 2 0. 0. 0. 0. 0 0
59.016 18 DOWNLINK_STATUS 59 29374 1324 0 508. 23. 36.05
59.020 18 GPS 0 0 0 0 0 0 0 0 0 0 0
59.044 18 WP_MOVED 1 665460. 5319949. 75. 32
59.236 18 NAVIGATION 0 2 0. 0. 0. 0. 0 0
59.268 18 GPS 0 0 0 0 0 0 0 0 0 0 0
59.296 18 NAVIGATION 0 2 0. 0. 0. 0. 0 0
59.344 18 ATTITUDE 1.583166 0. 1.435947
59.356 18 CALIBRATION 0. 0
59.440 18 ESTIMATOR 0. 0.
59.460 18 ENERGY 12.4 0. 0 0.
59.488 18 NAVIGATION 0 2 0. 0. 0. 0. 0 0
59.520 18 GPS 0 0 0 0 0 0 0 0 0 0 0
59.544 18 WP_MOVED 2 665509.5 5320029. 75. 32
59.568 18 ALIVE 234,232,121,223,242,64,180,13,219,168,219,104,18,121,95,82
59.644 18 BAT 0 124 0 0 1 65 0 0
59.656 18 PPRZ_MODE 2 0 0 0 0 6
59.720 18 FBW_STATUS 2 0 1 124 0
59.748 18 NAVIGATION 0 2 0. 0. 0. 0. 0 0
59.784 18 GPS 0 0 0 0 0 0 0 0 0 0 0
59.820 18 DESIRED 0. 0.17 0. 0. 0. 700. 0.
59.836 18 GYRO_RATES -271 -4.711366 0.
59.856 18 ATTITUDE 1.604321 0. 1.454412
59.940 18 ESTIMATOR 0. 0.
59.956 18 IR_SENSORS -5 305 310 300 10
59.984 18 NAVIGATION 0 2 0. 0. 0. 0. 0 0
60.016 18 DOWNLINK_STATUS 60 29906 1348 0 532. 24. 36.05
60.020 18 GPS 0 0 0 0 0 0 0 0 0 0 0
60.044 18 WP_MOVED 3 665540. 5320049. 75. 32
60.056 18 DL_VALUE 8 0.
60.140 18 GPS_SOL 0 0 0 0
60.236 18 NAVIGATION 0 2 0. 0. 0. 0. 0 0
60.268 18 GPS 0 0 0 0 0 0 0 0 0 0 0
60.296 18 NAVIGATION 0 2 0. 0. 0. 0. 0 0
60.344 18 ATTITUDE 1.590322 0. 1.442414
60.440 18 ESTIMATOR 0. 0.
60.484 18 NAVIGATION 0 2 0. 0. 0. 0. 0 0
60.520 18 GPS 0 0 0 0 0 0 0 0 0 0 0
60.524 18 PONG 
60.544 18 WP_MOVED 4 665470.125 5320139. 75. 32
60.736 18 NAVIGATION 0 2 0. 0. 0. 0. 0 0
60.768 18 GPS 0 0 0 0 0 0 0 0 0 0 0
60.792 18 BAT 0 124 0 0 1 67 0 0
60.824 18 DESIRED 0. 0.16 0. 0. 0. 700. 0.
60.844 18 ATTITUDE 1.610221 0. 1.460432
60.860 18 GYRO_RATES -286 -4.972143 0.
60.940 18 ESTIMATOR 0. 0.
60.984 18 NAVIGATION 0 2 0. 0. 0. 0. 0 0
61.016 18 DOWNLINK_STATUS 61 30376 1369 0 470. 21. 36.02
61.020 18 GPS 0 0 0 0 0 0 0 0 0 0 0
61.044 18 WP_MOVED 5 665592.3125 5320088. 75. 32
61.074 18 DOWNLINK 0 508 1516
61.140 18 IR_SENSORS -6 305 311 299 10
61.236 18 NAVIGATION 0 2 0. 0. 0. 0. 0 0
61.268 18 GPS 0 0 0 0 0 0 0 0 0 0 0
61.296 18 NAVIGATION 0 2 0. 0. 0. 0. 0 0
61.344 18 ATTITUDE 1.600084 0. 1.451283
61.440 18 ESTIMATOR 0. 0.
61.448 18 CALIBRATION 0. 0
61.484 18 NAVIGATION 0 2 0. 0. 0. 0. 0 0
61.520 18 GPS 0 0 0 0 0 0 0 0 0 0 0
61.544 18 WP_MOVED 6 665597. 5319937.5 75. 32
61.556 18 DL_VALUE 9 65535.
61.720 18 FBW_STATUS 2 0 1 124 0
61.748 18 NAVIGATION 0 2 0. 0. 0. 0. 0 0
61.784 18 GPS 0 0 0 0 0 0 0 0 0 0 0
61.844 18 ATTITUDE 1.668337 0. 1.52227
61.876 18 DESIRED 0. 0.17 0. 0. 0. 700. 0.
61.900 18 BAT 0 124 0 0 1 68 0 0
61.940 18 ESTIMATOR 0. 0.
61.956 18 GYRO_RATES -262 -4.5549 0.
61.976 18 ENERGY 12.4 0. 0 0.
62.004 18 NAVIGATION 0 2 0. 0. 0. 0. 0 0
62.016 18 DOWNLINK_STATUS 62 30895 1393 0 519. 24. 36.02
62.036 18 GPS 0 0 0 0 0 0 0 0 0 0 0
62.060 18 WP_MOVED 7 665340.8125 5320018.5 75. 32
62.140 18 GPS_SOL 0 0 0 0
62.236 18 NAVIGATION 0 2 0. 0. 0. 0. 0 0
62.268 18 GPS 0 0 0 0 0 0 0 0 0 0 0
62.296 18 NAVIGATION 0 2 0. 0. 0. 0. 0 0
62.344 18 ATTITUDE 1.682098 0. 1.539506
62.360 18 IR_SENSORS 18 250 232 268 -13
62.440 18 ESTIMATOR 0. 0.
62.484 18 NAVIGATION 0 2 0. 0. 0. 0. 0 0
62.520 18 GPS 0 0 0 0 0 0 0 0 0 0 0
62.544 18 WP_MOVED 8 665734.375 5320238.5 75. 32
62.736 18 NAVIGATION 0 2 0. 0. 0. 0. 0 0
62.768 18 GPS 0 0 0 0 0 0 0 0 0 0 0
62.844 18 ATTITUDE 1.68812 0. 1.546209
62.908 18 DESIRED 0. 0.15 0. 0. 0. 700. 0.
62.940 18 ESTIMATOR 0. 0.
62.960 18 BAT 0 124 0 0 1 69 0 0
62.988 18 NAVIGATION 0 2 0. 0. 0. 0. 0 0
63.016 18 DOWNLINK_STATUS 63 31348 1412 0 453. 19. 36.02
63.020 18 GPS 0 0 0 0 0 0 0 0 0 0 0
63.044 18 WP_MOVED 9 665345.5 5320111.5 75. 32
63.060 18 GYRO_RATES -233 -4.050732 0.
63.072 18 DL_VALUE 10 -0.062832
63.236 18 NAVIGATION 0 2 0. 0. 0. 0. 0 0
63.268 18 GPS 0 0 0 0 0 0 0 0 0 0 0
63.296 18 NAVIGATION 0 2 0. 0. 0. 0. 0 0
63.344 18 ATTITUDE 1.691257 0. 1.550394
63.440 18 ESTIMATOR 0. 0.
63.484 18 NAVIGATION 0 2 0. 0. 0. 0. 0 0
63.520 18 GPS 0 0 0 0 0 0 0 0 0 0 0
63.544 18 WP_MOVED 0 665502. 5319991. 75. 32
63.560 18 IR_SENSORS 16 252 236 268 -13
63.572 18 CALIBRATION 0. 0
63.720 18 FBW_STATUS 2 0 1 124 0
63.748 18 NAVIGATION 0 2 0. 0. 0. 0. 0 0
63.785 18 GPS 0 0 0 0 0 0 0 0 0 0 0
63.820 18 COMMANDS 0,4887,-9600
63.844 18 ATTITUDE 1.69416 0. 1.55359
63.924 18 ACTUATORS 1290,1696,0,1000
63.940 18 ESTIMATOR 0. 0.
63.972 18 DESIRED 0. 0.17 0. 0. 0. 700. 0.
64.000 18 NAVIGATION 0 2 0. 0. 0. 0. 0 0
64.017 18 DOWNLINK_STATUS 64 31844 1435 0 496. 23. 36.02
64.036 18 GPS 0 0 0 0 0 0 0 0 0 0 0
64.056 18 WP_MOVED 1 665460. 5319949. 75. 32
64.076 18 BAT 0 124 0 0 1 70 0 0
64.140 18 GYRO_RATES -224 -3.894266 0.
64.156 18 GPS_SOL 0 0 0 0
64.236 18 NAVIGATION 0 2 0. 0. 0. 0. 0 0
64.268 18 GPS 0 0 0 0 0 0 0 0 0 0 0
64.296 18 NAVIGATION 0 2 0. 0. 0. 0. 0 0
64.344 18 ATTITUDE 1.700942 0. 1.565537
64.439 18 ESTIMATOR 0. 0.
64.460 18 ENERGY 12.4 0. 0 0.
64.488 18 NAVIGATION 0 2 0. 0. 0. 0. 0 0
64.520 18 GPS 0 0 0 0 0 0 0 0 0 0 0
64.544 18 WP_MOVED 2 665509.5 5320029. 75. 32
64.556 18 DL_VALUE 11 0.087266
64.580 18 ALIVE 234,232,121,223,242,64,180,13,219,168,219,104,18,121,95,82
64.636 18 PPRZ_MODE 2 0 0 0 0 6
64.736 18 NAVIGATION 0 2 0. 0. 0. 0. 0 0
64.768 18 GPS 0 0 0 0 0 0 0 0 0 0 0
64.787 18 IR_SENSORS 14 260 246 274 -9
64.844 18 ATTITUDE 1.658803 0. 1.5113
64.940 18 ESTIMATOR 0. 0.
64.984 18 NAVIGATION 0 2 0. 0. 0. 0. 0 0
65.018 18 GPS 0 0 0 0 0 0 0 0 0 0 0
65.018 18 DOWNLINK_STATUS 65 32378 1459 0 534. 24. 36.02
65.052 18 DESIRED 0. 0.15 0. 0. 0. 700. 0.
65.076 18 WP_MOVED 3 665540. 5320049. 75. 32
65.144 18 BAT 0 124 0 0 1 71 0 0
65.236 18 NAVIGATION 0 2 0. 0. 0. 0. 0 0
65.268 18 GPS 0 0 0 0 0 0 0 0 0 0 0
65.281 18 WIND_INFO 18 42 0. 0. 0.
65.296 18 NAVIGATION 0 2 0. 0. 0. 0. 0 0
65.312 18 GYRO_RATES -237 -4.120272 0.
65.344 18 ATTITUDE 1.670376 0. 1.524829
65.436 18 ESTIMATOR 0. 0.
65.484 18 NAVIGATION 0 2 0. 0. 0. 0. 0 0
65.520 18 GPS 0 0 0 0 0 0 0 0 0 0 0
65.524 18 PONG 
65.544 18 WP_MOVED 4 665470.125 5320139. 75. 32
65.636 18 CALIBRATION 0. 0
65.720 18 FBW_STATUS 2 0 1 124 0
65.748 18 NAVIGATION 0 2 0. 0. 0. 0. 0 0
65.788 18 GPS 0 0 0 0 0 0 0 0 0 0 0
65.844 18 ATTITUDE 1.633628 0. 1.48353
65.936 18 ESTIMATOR 0. 0.
65.956 18 IR_SENSORS 9 279 270 288 3
65.984 18 NAVIGATION 0 2 0. 0. 0. 0. 0 0
66.019 18 GPS 0 0 0 0 0 0 0 0 0 0 0
66.019 18 DOWNLINK_STATUS 66 32861 1481 0 483. 22. 35.98
66.044 18 WP_MOVED 5 665592.3125 5320088. 75. 32
66.080 18 DESIRED 0. 0.17 0. 0. 0. 700. 0.
66.095 18 DL_VALUE 0 700.
66.140 18 GPS_SOL 0 0 0 0
66.152 18 DOWNLINK 0 492 1630
66.236 18 NAVIGATION 0 2 0. 0. 0. 0. 0 0
66.268 18 GPS 0 0 0 0 0 0 0 0 0 0 0
66.296 18 NAVIGATION 0 2 0. 0. 0. 0. 0 0
66.316 18 BAT 0 124 0 0 1 72 0 0
66.344 18 ATTITUDE 1.63025 0. 1.479958
66.360 18 GYRO_RATES -273 -4.746137 0.
66.436 18 ESTIMATOR 0. 0.
66.484 18 NAVIGATION 0 2 0. 0. 0. 0. 0 0
66.520 18 GPS 0 0 0 0 0 0 0 0 0 0 0
66.544 18 WP_MOVED 6 665597. 5319937.5 75. 32
66.736 18 NAVIGATION 0 2 0. 0. 0. 0. 0 0
66.768 18 GPS 0 0 0 0 0 0 0 0 0 0 0
66.844 18 ATTITUDE 1.623561 0. 1.472967
66.856 18 NAVIGATION_REF 665460 5319949 32
66.936 18 ESTIMATOR 0. 0.
66.960 18 ENERGY 12.4 0. 0 0.
66.988 18 NAVIGATION 0 2 0. 0. 0. 0. 0 0
67.020 18 GPS 0 0 0 0 0 0 0 0 0 0 0
67.020 18 DOWNLINK_STATUS 67 33371 1504 0 510. 23. 35.98
67.044 18 WP_MOVED 7 665340.8125 5320018.5 75. 32
67.108 18 DESIRED 0. 0.16 0. 0. 0. 700. 0.
67.140 18 IR_SENSORS 6 292 286 298 1
67.236 18 NAVIGATION 0 2 0. 0. 0. 0. 0 0
67.268 18 GPS 0 0 0 0 0 0 0 0 0 0 0
67.296 18 NAVIGATION 0 2 0. 0. 0. 0. 0 0
67.344 18 ATTITUDE 1.623424 0. 1.473041
67.364 18 BAT 0 124 0 0 1 73 0 0
67.436 18 ESTIMATOR 0. 0.
67.456 18 GYRO_RATES -276 -4.798292 0.
67.484 18 NAVIGATION 0 2 0. 0. 0. 0. 0 0
67.520 18 GPS 0 0 0 0 0 0 0 0 0 0 0
67.544 18 WP_MOVED 8 665734.375 5320238.5 75. 32
67.556 18 DL_VALUE 1 0.
67.720 18 FBW_STATUS 2 0 1 124 0
67.748 18 NAVIGATION 0 2 0. 0. 0. 0. 0 0
67.784 18 GPS 0 0 0 0 0 0 0 0 0 0 0
67.796 18 CALIBRATION 0. 0
67.844 18 ATTITUDE 1.623595 0. 1.473221
67.936 18 ESTIMATOR 0. 0.
67.984 18 NAVIGATION 0 2 0. 0. 0. 0. 0 0
68.020 18 GPS 0 0 0 0 0 0 0 0 0 0 0
68.020 18 DOWNLINK_STATUS 68 33859 1526 0 488. 22. 35.98
68.044 18 WP_MOVED 9 665345.5 5320111.5 75. 32
68.160 18 DESIRED 0. 0.17 0. 0. 0. 700. 0.
68.176 18 GPS_SOL 0 0 0 0
68.236 18 NAVIGATION 0 2 0. 0. 0. 0. 0 0
68.268 18 GPS 0 0 0 0 0 0 0 0 0 0 0
68.296 18 NAVIGATION 0 2 0. 0. 0. 0. 0 0
68.344 18 ATTITUDE 1.620116 0. 1.469832
68.360 18 IR_SENSORS 2 294 292 296 4
68.436 18 ESTIMATOR 0. 0.
68.460 18 BAT 0 124 0 0 1 74 0 0
68.484 18 NAVIGATION 0 2 0. 0. 0. 0. 0 0
68.520 18 GPS 0 0 0 0 0 0 0 0 0 0 0
68.544 18 WP_MOVED 0 665502. 5319991. 75. 32
68.560 18 GYRO_RATES -276 -4.798292 0.
68.736 18 NAVIGATION 0 2 0. 0. 0. 0. 0 0
68.768 18 GPS 0 0 0 0 0 0 0 0 0 0 0
68.820 18 COMMANDS 0,3192,-9600
68.842 18 SETTING 18 9 2.
68.842 18 ATTITUDE 1.613697 0. 1.463466
68.872 18 DL_VALUE 9 65535.
68.924 18 ACTUATORS 1290,1753,0,1000
68.936 18 ESTIMATOR 0. 0.
68.984 18 NAVIGATION 0 2 0. 0. 0. 0. 0 0
69.020 18 GPS 0 0 0 0 0 0 0 0 0 0 0
69.020 18 DOWNLINK_STATUS 69 34367 1549 0 508. 23. 35.98
69.044 18 WP_MOVED 1 665460. 5319949. 75. 32
69.056 18 DL_VALUE 2 0.
69.208 18 DESIRED 0. 0.16 0. 0. 0. 700. 0.
69.236 18 NAVIGATION 0 2 0. 0. 0. 0. 0 0
69.272 18 GPS 0 0 0 0 0 0 0 0 0 0 0
69.296 18 NAVIGATION 0 2 0. 0. 0. 0. 0 0
69.344 18 ATTITUDE 1.600418 0. 1.449872
69.436 18 ESTIMATOR 0. 0.
69.460 18 ENERGY 12.4 0. 0 0.
69.484 18 NAVIGATION 0 2 0. 0. 0. 0. 0 0
69.520 18 GPS 0 0 0 0 0 0 0 0 0 0 0
69.544 18 WP_MOVED 2 665509.5 5320029. 75. 32
69.564 18 BAT 0 124 0 0 1 75 0 0
69.580 18 IR_SENSORS 3 297 294 300 9
69.604 18 ALIVE 234,232,121,223,242,64,180,13,219,168,219,104,18,121,95,82
69.640 18 GYRO_RATES -280 -4.867832 0.
69.652 18 PPRZ_MODE 2 0 0 0 0 6
69.720 18 FBW_STATUS 2 0 1 124 0
69.748 18 NAVIGATION 0 2 0. 0. 0. 0. 0 0
69.784 18 GPS 0 0 0 0 0 0 0 0 0 0 0
69.840 18 ATTITUDE 1.603436 0. 1.453338
69.852 18 CALIBRATION 0. 0
69.936 18 ESTIMATOR 0. 0.
69.984 18 NAVIGATION 0 2 0. 0. 0. 0. 0 0
70.020 18 GPS 0 0 0 0 0 0 0 0 0 0 0
70.021 18 DOWNLINK_STATUS 70 34910 1574 0 543. 25. 35.98
70.044 18 WP_MOVED 3 665540. 5320049. 75. 32
70.140 18 GPS_SOL 0 0 0 0
70.236 18 NAVIGATION 0 2 0. 0. 0. 0. 0 0
70.268 18 GPS 0 0 0 0 0 0 0 0 0 0 0
70.296 18 NAVIGATION 0 2 0. 0. 0. 0. 0 0
70.332 18 DESIRED 0. 0.17 0. 0. 0. 700. 0.
70.352 18 ATTITUDE 1.610221 0. 1.460278
70.436 18 ESTIMATOR 0. 0.
70.484 18 NAVIGATION 0 2 0. 0. 0. 0. 0 0
70.520 18 GPS 0 0 0 0 0 0 0 0 0 0 0
70.524 18 PONG 
70.544 18 WP_MOVED 4 665470.125 5320139. 75. 32
70.556 18 DL_VALUE 3 0.
70.644 18 BAT 0 124 0 0 1 76 0 0
70.736 18 NAVIGATION 0 2 0. 0. 0. 0. 0 0
70.768 18 GPS 0 0 0 0 0 0 0 0 0 0 0
70.784 18 GYRO_RATES -286 -4.972143 0.
70.805 18 IR_SENSORS -1 308 309 307 15
70.840 18 ATTITUDE 1.60096 0. 1.451283
70.936 18 ESTIMATOR 0. 0.
70.984 18 NAVIGATION 0 2 0. 0. 0. 0. 0 0
71.020 18 GPS 0 0 0 0 0 0 0 0 0 0 0
71.022 18 DOWNLINK_STATUS 71 35396 1596 0 486. 22. 35.94
71.044 18 WP_MOVED 5 665592.3125 5320088. 75. 32
71.236 18 NAVIGATION 0 2 0. 0. 0. 0. 0 0
71.268 18 GPS 0 0 0 0 0 0 0 0 0 0 0
71.298 18 NAVIGATION 0 2 0. 0. 0. 0. 0 0
71.308 18 DOWNLINK 0 501 1745
71.344 18 DESIRED 0. 0.16 0. 0. 0. 700. 0.
71.360 18 ATTITUDE 1.583503 0. 1.434065
71.436 18 ESTIMATOR 0. 0.
71.484 18 NAVIGATION 0 2 0. 0. 0. 0. 0 0
71.520 18 GPS 0 0 0 0 0 0 0 0 0 0 0
71.544 18 WP_MOVED 6 665597. 5319937.5 75. 32
71.720 18 FBW_STATUS 2 0 1 124 0
71.748 18 NAVIGATION 0 2 0. 0. 0. 0. 0 0
71.784 18 GPS 0 0 0 0 0 0 0 0 0 0 0
71.804 18 BAT 0 124 0 0 1 78 0 0
71.840 18 ATTITUDE 1.594045 0. 1.444964
71.860 18 GYRO_RATES -282 -4.902603 0.
71.936 18 ESTIMATOR 0. 0.
71.956 18 IR_SENSORS -6 308 314 302 15
71.964 18 CALIBRATION 0. 0
71.988 18 ENERGY 12.4 0. 0 0.
72.012 18 NAVIGATION 0 2 0. 0. 0. 0. 0 0
72.023 18 DOWNLINK_STATUS 72 35871 1618 0 475. 22. 35.94
72.048 18 GPS 0 0 0 0 0 0 0 0 0 0 0
72.068 18 WP_MOVED 7 665340.8125 5320018.5 75. 32
72.080 18 DL_VALUE 4 80.
72.140 18 GPS_SOL 0 0 0 0
72.236 18 NAVIGATION 0 2 0. 0. 0. 0. 0 0
72.268 18 GPS 0 0 0 0 0 0 0 0 0 0 0
72.300 18 NAVIGATION 0 2 0. 0. 0. 0. 0 0
72.340 18 ATTITUDE 1.578512 0. 1.430947
72.376 18 DESIRED 0. 0.16 0. 0. 0. 700. 0.
72.436 18 ESTIMATOR 0. 0.
72.484 18 NAVIGATION 0 2 0. 0. 0. 0. 0 0
72.520 18 GPS 0 0 0 0 0 0 0 0 0 0 0
72.544 18 WP_MOVED 8 665734.375 5320238.5 75. 32
72.736 18 NAVIGATION 0 2 0. 0. 0. 0. 0 0
72.768 18 GPS 0 0 0 0 0 0 0 0 0 0 0
72.840 18 ATTITUDE 1.569659 0. 1.4238
72.864 18 BAT 0 124 0 0 1 79 0 0
72.936 18 ESTIMATOR 0. 0.
72.956 18 GYRO_RATES -270 -4.693981 0.
72.984 18 NAVIGATION 0 2 0. 0. 0. 0. 0 0
73.020 18 GPS 0 0 0 0 0 0 0 0 0 0 0
73.023 18 DOWNLINK_STATUS 73 36368 1639 0 497. 21. 35.94
73.044 18 WP_MOVED 9 665345.5 5320111.5 75. 32
73.140 18 IR_SENSORS -8 294 302 286 22
73.236 18 NAVIGATION 0 2 0. 0. 0. 0. 0 0
73.268 18 GPS 0 0 0 0 0 0 0 0 0 0 0
73.296 18 NAVIGATION 0 2 0. 0. 0. 0. 0 0
73.340 18 ATTITUDE 1.56084 0. 1.413644
73.408 18 DESIRED 0. 0.16 0. 0. 0. 700. 0.
73.436 18 ESTIMATOR 0. 0.
73.484 18 NAVIGATION 0 2 0. 0. 0. 0. 0 0
73.520 18 GPS 0 0 0 0 0 0 0 0 0 0 0
73.544 18 WP_MOVED 0 665502. 5319991. 75. 32
73.556 18 DL_VALUE 5 2.
73.720 18 FBW_STATUS 2 0 1 124 0
73.748 18 NAVIGATION 0 2 0. 0. 0. 0. 0 0
73.784 18 GPS 0 0 0 0 0 0 0 0 0 0 0
73.820 18 COMMANDS 0,3055,-9600
73.840 18 ATTITUDE 1.547634 0. 1.403059
73.924 18 ACTUATORS 1290,1767,0,1014
73.936 18 ESTIMATOR 0. 0.
73.960 18 BAT 0 124 0 0 1 80 0 0
73.984 18 NAVIGATION 0 2 0. 0. 0. 0. 0 0
74.020 18 GPS 0 0 0 0 0 0 0 0 0 0 0
74.024 18 DOWNLINK_STATUS 74 36857 1661 0 489. 22. 35.94
74.044 18 WP_MOVED 1 665460. 5319949. 75. 32
74.060 18 GYRO_RATES -282 -4.902603 0.
74.072 18 CALIBRATION 0. 0
74.140 18 GPS_SOL 0 0 0 0
74.232 18 NAVIGATION 0 2 0. 0. 0. 0. 0 0
74.268 18 GPS 0 0 0 0 0 0 0 0 0 0 0
74.296 18 NAVIGATION 0 2 0. 0. 0. 0. 0 0
74.340 18 ATTITUDE 1.560588 0. 1.416108
74.360 18 IR_SENSORS -12 299 311 287 21
74.436 18 ESTIMATOR 0. 0.
74.472 18 DESIRED 0. 0.16 0. 0. 0. 700. 0.
74.492 18 ENERGY 12.4 0. 0 0.
74.520 18 NAVIGATION 0 2 0. 0. 0. 0. 0 0
74.556 18 GPS 0 0 0 0 0 0 0 0 0 0 0
74.576 18 WP_MOVED 2 665509.5 5320029. 75. 32
74.600 18 ALIVE 234,232,121,223,242,64,180,13,219,168,219,104,18,121,95,82
74.636 18 PPRZ_MODE 2 0 0 0 0 6
74.732 18 NAVIGATION 0 2 0. 0. 0. 0. 0 0
74.768 18 GPS 0 0 0 0 0 0 0 0 0 0 0
74.840 18 ATTITUDE 1.547338 0. 1.406284
74.936 18 ESTIMATOR 0. 0.
74.984 18 NAVIGATION 0 2 0. 0. 0. 0. 0 0
75.016 18 GPS 0 0 0 0 0 0 0 0 0 0 0
75.025 18 DOWNLINK_STATUS 75 37372 1684 0 515. 23. 35.94
75.044 18 WP_MOVED 3 665540. 5320049. 75. 32
75.064 18 BAT 0 124 0 0 1 81 0 0
75.076 18 DL_VALUE 6 0.
75.140 18 GYRO_RATES -278 -4.833062 0.
75.232 18 NAVIGATION 0 2 0. 0. 0. 0. 0 0
75.268 18 GPS 0 0 0 0 0 0 0 0 0 0 0
75.282 18 WIND_INFO 18 42 0. 0. 0.
75.296 18 NAVIGATION 0 2 0. 0. 0. 0. 0 0
75.343 18 ATTITUDE 1.540473 0. 1.401148
75.436 18 ESTIMATOR 0. 0.
75.484 18 NAVIGATION 0 2 0. 0. 0. 0. 0 0
75.516 18 GPS 0 0 0 0 0 0 0 0 0 0 0
75.552 18 DESIRED 0. 0.16 0. 0. 0. 700. 0.
75.560 18 PONG 
75.580 18 WP_MOVED 4 665470.125 5320139. 75. 32
75.596 18 IR_SENSORS -18 304 322 286 27
75.720 18 FBW_STATUS 2 0 1 124 0
75.748 18 NAVIGATION 0 2 0. 0. 0. 0. 0 0
75.784 18 GPS 0 0 0 0 0 0 0 0 0 0 0
75.840 18 ATTITUDE 1.525282 0. 1.386655
75.856 18 NAVIGATION_REF 665460 5319949 32
75.936 18 ESTIMATOR 0. 0.
75.984 18 NAVIGATION 0 2 0. 0. 0. 0. 0 0
76.016 18 GPS 0 0 0 0 0 0 0 0 0 0 0
76.026 18 DOWNLINK_STATUS 76 37870 1707 0 498. 23. 70.88
76.044 18 WP_MOVED 5 665592.3125 5320088. 75. 32
76.144 18 BAT 0 124 0 0 1 82 0 0
76.160 18 GPS_SOL 0 0 0 0
76.172 18 CALIBRATION 0. 0
76.232 18 NAVIGATION 0 2 0. 0. 0. 0. 0 0
76.268 18 GPS 0 0 0 0 0 0 0 0 0 0 0
76.296 18 NAVIGATION 0 2 0. 0. 0. 0. 0 0
76.316 18 GYRO_RATES -287 -4.989528 0.
76.340 18 ATTITUDE 1.520709 0. 1.382953
76.352 18 DOWNLINK 0 501 1861
76.436 18 ESTIMATOR 0. 0.
76.484 18 NAVIGATION 0 2 0. 0. 0. 0. 0 0
76.516 18 GPS 0 0 0 0 0 0 0 0 0 0 0
76.544 18 WP_MOVED 6 665597. 5319937.5 75. 32
76.580 18 DESIRED 0. 0.16 0. 0. 0. 700. 0.
76.592 18 DL_VALUE 7 1.
76.732 18 NAVIGATION 0 2 0. 0. 0. 0. 0 0
76.768 18 GPS 0 0 0 0 0 0 0 0 0 0 0
76.784 18 IR_SENSORS -24 313 337 289 33
76.840 18 ATTITUDE 1.531248 0. 1.39448
76.936 18 ESTIMATOR 0. 0.
76.960 18 ENERGY 12.4 0. 0 0.
76.984 18 NAVIGATION 0 2 0. 0. 0. 0. 0 0
77.020 18 GPS 0 0 0 0 0 0 0 0 0 0 0
77.027 18 DOWNLINK_STATUS 77 38392 1731 0 522. 24. 70.88
77.044 18 WP_MOVED 7 665340.8125 5320018.5 75. 32
77.232 18 NAVIGATION 0 2 0. 0. 0. 0. 0 0
77.268 18 GPS 0 0 0 0 0 0 0 0 0 0 0
77.296 18 NAVIGATION 0 2 0. 0. 0. 0. 0 0
77.316 18 BAT 0 124 0 0 1 83 0 0
77.340 18 ATTITUDE 1.519148 0. 1.384753
77.360 18 GYRO_RATES -289 -5.024298 0.
77.436 18 ESTIMATOR 0. 0.
77.484 18 NAVIGATION 0 2 0. 0. 0. 0. 0 0
77.516 18 GPS 0 0 0 0 0 0 0 0 0 0 0
77.544 18 WP_MOVED 8 665734.375 5320238.5 75. 32
77.608 18 DESIRED 0. 0.16 0. 0. 0. 700. 0.
77.720 18 FBW_STATUS 2 0 1 124 0
77.748 18 NAVIGATION 0 2 0. 0. 0. 0. 0 0
77.784 18 GPS 0 0 0 0 0 0 0 0 0 0 0
77.840 18 ATTITUDE 1.516519 0. 1.383569
77.936 18 ESTIMATOR 0. 0.
77.956 18 IR_SENSORS -22 312 334 290 31
77.984 18 NAVIGATION 0 2 0. 0. 0. 0. 0 0
78.016 18 GPS 0 0 0 0 0 0 0 0 0 0 0
78.028 18 DOWNLINK_STATUS 78 38858 1751 0 466. 20. 70.88
78.044 18 WP_MOVED 9 665345.5 5320111.5 75. 32
78.056 18 DL_VALUE 8 0.
78.140 18 GPS_SOL 0 0 0 0
78.232 18 NAVIGATION 0 2 0. 0. 0. 0. 0 0
78.268 18 GPS 0 0 0 0 0 0 0 0 0 0 0
78.296 18 NAVIGATION 0 2 0. 0. 0. 0. 0 0
78.308 18 CALIBRATION 0. 0
78.342 18 ATTITUDE 1.509688 0. 1.376692
78.364 18 BAT 0 124 0 0 1 84 0 0
78.436 18 ESTIMATOR 0. 0.
78.456 18 GYRO_RATES -292 -5.076454 0.
78.484 18 NAVIGATION 0 2 0. 0. 0. 0. 0 0
78.516 18 GPS 0 0 0 0 0 0 0 0 0 0 0
78.544 18 WP_MOVED 0 665502. 5319991. 75. 32
78.660 18 DESIRED 0. 0.16 0. 0. 0. 700. 0.
78.732 18 NAVIGATION 0 2 0. 0. 0. 0. 0 0
78.768 18 GPS 0 0 0 0 0 0 0 0 0 0 0
78.820 18 COMMANDS 0,2619,-9600
78.840 18 ATTITUDE 1.502626 0. 1.371287
78.920 18 ACTUATORS 1290,1774,0,1022
78.936 18 ESTIMATOR 0. 0.
78.984 18 NAVIGATION 0 2 0. 0. 0. 0. 0 0
79.016 18 GPS 0 0 0 0 0 0 0 0 0 0 0
79.028 18 DOWNLINK_STATUS 79 39361 1774 0 503. 23. 70.88
79.044 18 WP_MOVED 1 665460. 5319949. 75. 32
79.140 18 IR_SENSORS -28 321 349 293 37
79.232 18 NAVIGATION 0 2 0. 0. 0. 0. 0 0
79.268 18 GPS 0 0 0 0 0 0 0 0 0 0 0
79.296 18 NAVIGATION 0 2 0. 0. 0. 0. 0 0
79.340 18 ATTITUDE 1.507159 0. 1.377303
79.436 18 ESTIMATOR 0. 0.
79.460 18 BAT 0 124 0 0 1 85 0 0
79.480 18 ENERGY 12.4 0. 0 0.
79.508 18 NAVIGATION 0 2 0. 0. 0. 0. 0 0
79.540 18 GPS 0 0 0 0 0 0 0 0 0 0 0
79.560 18 WP_MOVED 2 665509.5 5320029. 75. 32
79.580 18 GYRO_RATES -297 -5.163379 0.
79.588 18 DL_VALUE 9 65535.
79.612 18 ALIVE 234,232,121,223,242,64,180,13,219,168,219,104,18,121,95,82
79.636 18 PPRZ_MODE 2 0 0 0 0 6
79.708 18 DESIRED 0. 0.16 0. 0. 0. 700. 0.
79.724 18 FBW_STATUS 2 0 1 124 0
79.748 18 NAVIGATION 0 2 0. 0. 0. 0. 0 0
79.784 18 GPS 0 0 0 0 0 0 0 0 0 0 0
79.840 18 ATTITUDE 1.499947 0. 1.372559
79.936 18 ESTIMATOR 0. 0.
79.984 18 NAVIGATION 0 2 0. 0. 0. 0. 0 0
80.016 18 GPS 0 0 0 0 0 0 0 0 0 0 0
80.029 18 DOWNLINK_STATUS 80 39893 1798 0 532. 24. 70.88
80.044 18 WP_MOVED 3 665540. 5320049. 75. 32
80.140 18 GPS_SOL 0 0 0 0
80.232 18 NAVIGATION 0 2 0. 0. 0. 0. 0 0
80.268 18 GPS 0 0 0 0 0 0 0 0 0 0 0
80.296 18 NAVIGATION 0 2 0. 0. 0. 0. 0 0
80.340 18 ATTITUDE 1.486425 0. 1.36059
80.360 18 IR_SENSORS -29 319 348 290 43
80.368 18 CALIBRATION 0. 0
80.436 18 ESTIMATOR 0. 0.
80.484 18 NAVIGATION 0 2 0. 0. 0. 0. 0 0
80.516 18 GPS 0 0 0 0 0 0 0 0 0 0 0
80.524 18 PONG 
80.544 18 WP_MOVED 4 665470.125 5320139. 75. 32
80.564 18 BAT 0 124 0 0 1 86 0 0
80.640 18 GYRO_RATES -303 -5.26769 0.
80.732 18 NAVIGATION 0 2 0. 0. 0. 0. 0 0
80.768 18 GPS 0 0 0 0 0 0 0 0 0 0 0
80.804 18 DESIRED 0. 0.16 0. 0. 0. 700. 0.
80.840 18 ATTITUDE 1.492195 0. 1.365299
80.936 18 ESTIMATOR 0. 0.
80.984 18 NAVIGATION 0 2 0. 0. 0. 0. 0 0
81.016 18 GPS 0 0 0 0 0 0 0 0 0 0 0
81.030 18 DOWNLINK_STATUS 81 40379 1820 0 486. 22. 33.82
81.044 18 WP_MOVED 5 665592.3125 5320088. 75. 32
81.056 18 DL_VALUE 10 -0.062832
81.232 18 NAVIGATION 0 2 0. 0. 0. 0. 0 0
81.268 18 GPS 0 0 0 0 0 0 0 0 0 0 0
81.296 18 NAVIGATION 0 2 0. 0. 0. 0. 0 0
81.340 18 ATTITUDE 1.491253 0. 1.367068
81.436 18 ESTIMATOR 0. 0.
81.448 18 DOWNLINK 0 484 1972
81.484 18 NAVIGATION 0 2 0. 0. 0. 0. 0 0
81.516 18 GPS 0 0 0 0 0 0 0 0 0 0 0
81.544 18 WP_MOVED 6 665597. 5319937.5 75. 32
81.560 18 IR_SENSORS -32 323 355 291 40
81.644 18 BAT 0 124 0 0 1 87 0 0
81.720 18 FBW_STATUS 2 0 1 124 0
81.748 18 NAVIGATION 0 2 0. 0. 0. 0. 0 0
81.784 18 GPS 0 0 0 0 0 0 0 0 0 0 0
81.800 18 GYRO_RATES -307 -5.337231 0.
81.836 18 DESIRED 0. 0.17 0. 0. 0. 700. 0.
81.852 18 ATTITUDE 1.489846 0. 1.366262
81.936 18 ESTIMATOR 0. 0.
81.960 18 ENERGY 12.4 0. 0 0.
81.984 18 NAVIGATION 0 2 0. 0. 0. 0. 0 0
82.020 18 GPS 0 0 0 0 0 0 0 0 0 0 0
82.031 18 DOWNLINK_STATUS 82 40887 1843 0 508. 23. 33.82
82.044 18 WP_MOVED 7 665340.8125 5320018.5 75. 32
82.140 18 GPS_SOL 0 0 0 0
82.232 18 NAVIGATION 0 2 0. 0. 0. 0. 0 0
82.268 18 GPS 0 0 0 0 0 0 0 0 0 0 0
82.296 18 NAVIGATION 0 2 0. 0. 0. 0. 0 0
82.340 18 ATTITUDE 1.486923 0. 1.364975
82.436 18 ESTIMATOR 0. 0.
82.448 18 CALIBRATION 0. 0
82.484 18 NAVIGATION 0 2 0. 0. 0. 0. 0 0
82.516 18 GPS 0 0 0 0 0 0 0 0 0 0 0
82.544 18 WP_MOVED 8 665734.375 5320238.5 75. 32
82.556 18 DL_VALUE 11 0.087266
82.732 18 NAVIGATION 0 2 0. 0. 0. 0. 0 0
82.768 18 GPS 0 0 0 0 0 0 0 0 0 0 0
82.788 18 BAT 0 124 0 0 1 89 0 0
82.804 18 IR_SENSORS -36 329 365 293 45
82.840 18 ATTITUDE 1.482472 0. 1.360499
82.876 18 DESIRED 0. 0.15 0. 0. 0. 700. 0.
82.892 18 GYRO_RATES -317 -5.511082 0.
82.936 18 ESTIMATOR 0. 0.
82.984 18 NAVIGATION 0 2 0. 0. 0. 0. 0 0
83.016 18 GPS 0 0 0 0 0 0 0 0 0 0 0
83.032 18 DOWNLINK_STATUS 83 41378 1865 0 491. 22. 33.82
83.044 18 WP_MOVED 9 665345.5 5320111.5 75. 32
83.232 18 NAVIGATION 0 2 0. 0. 0. 0. 0 0
83.268 18 GPS 0 0 0 0 0 0 0 0 0 0 0
83.296 18 NAVIGATION 0 2 0. 0. 0. 0. 0 0
83.340 18 ATTITUDE 1.480204 0. 1.359516
83.436 18 ESTIMATOR 0. 0.
83.484 18 NAVIGATION 0 2 0. 0. 0. 0. 0 0
83.516 18 GPS 0 0 0 0 0 0 0 0 0 0 0
83.544 18 WP_MOVED 0 665502. 5319991. 75. 32
83.720 18 FBW_STATUS 2 0 1 124 0
83.748 18 NAVIGATION 0 2 0. 0. 0. 0. 0 0
83.784 18 GPS 0 0 0 0 0 0 0 0 0 0 0
83.820 18 COMMANDS 0,2488,-9600
83.840 18 ATTITUDE 1.479967 0. 1.360825
83.864 18 BAT 0 124 0 0 1 90 0 0
83.908 18 DESIRED 0. 0.17 0. 0. 0. 700. 0.
83.924 18 ACTUATORS 1290,1774,0,1022
83.940 18 ESTIMATOR 0. 0.
83.956 18 GYRO_RATES -314 -5.458926 0.
83.972 18 IR_SENSORS -41 332 373 291 48
84.000 18 NAVIGATION 0 2 0. 0. 0. 0. 0 0
84.032 18 GPS 0 0 0 0 0 0 0 0 0 0 0
84.032 18 DOWNLINK_STATUS 84 41872 1887 0 494. 22. 33.82
84.056 18 WP_MOVED 1 665460. 5319949. 75. 32
84.064 18 DL_VALUE 0 700.
84.140 18 GPS_SOL 0 0 0 0
84.232 18 NAVIGATION 0 2 0. 0. 0. 0. 0 0
84.268 18 GPS 0 0 0 0 0 0 0 0 0 0 0
84.296 18 NAVIGATION 0 2 0. 0. 0. 0. 0 0
84.340 18 ATTITUDE 1.46848 0. 1.353827
84.436 18 ESTIMATOR 0. 0.
84.460 18 ENERGY 12.4 0. 0 0.
84.484 18 NAVIGATION 0 2 0. 0. 0. 0. 0 0
84.520 18 GPS 0 0 0 0 0 0 0 0 0 0 0
84.544 18 WP_MOVED 2 665509.5 5320029. 75. 32
84.556 18 CALIBRATION 0. 0
84.580 18 ALIVE 234,232,121,223,242,64,180,13,219,168,219,104,18,121,95,82
84.636 18 PPRZ_MODE 2 0 0 0 0 6
84.732 18 NAVIGATION 0 2 0. 0. 0. 0. 0 0
84.768 18 GPS 0 0 0 0 0 0 0 0 0 0 0
84.840 18 ATTITUDE 1.463947 0. 1.352563
84.856 18 NAVIGATION_REF 665460 5319949 32
84.936 18 ESTIMATOR 0. 0.
84.972 18 DESIRED 0. 0.15 0. 0. 0. 700. 0.
84.992 18 BAT 0 124 0 0 1 91 0 0
85.020 18 NAVIGATION 0 2 0. 0. 0. 0. 0 0
85.032 18 DOWNLINK_STATUS 85 42368 1910 0 496. 23. 33.82
85.056 18 GPS 0 0 0 0 0 0 0 0 0 0 0
85.076 18 WP_MOVED 3 665540. 5320049. 75. 32
85.092 18 GYRO_RATES -323 -5.615392 0.
85.140 18 IR_SENSORS -39 334 373 295 49
85.232 18 NAVIGATION 0 2 0. 0. 0. 0. 0 0
85.268 18 GPS 0 0 0 0 0 0 0 0 0 0 0
85.282 18 WIND_INFO 18 42 0. 0. 0.
85.296 18 NAVIGATION 0 2 0. 0. 0. 0. 0 0
85.340 18 ATTITUDE 1.458956 0. 1.346189
85.436 18 ESTIMATOR 0. 0.
85.484 18 NAVIGATION 0 2 0. 0. 0. 0. 0 0
85.516 18 GPS 0 0 0 0 0 0 0 0 0 0 0
85.524 18 PONG 
85.544 18 WP_MOVED 4 665470.125 5320139. 75. 32
85.556 18 DL_VALUE 1 0.
85.720 18 FBW_STATUS 2 0 1 124 0
85.748 18 NAVIGATION 0 2 0. 0. 0. 0. 0 0
85.784 18 GPS 0 0 0 0 0 0 0 0 0 0 0
85.840 18 ATTITUDE 1.467369 0. 1.353256
85.936 18 ESTIMATOR 0. 0.
85.984 18 NAVIGATION 0 2 0. 0. 0. 0. 0 0
86.016 18 GPS 0 0 0 0 0 0 0 0 0 0 0
86.032 18 DOWNLINK_STATUS 86 42830 1931 0 462. 21. 32.83
86.052 18 DESIRED 0. 0.17 0. 0. 0. 700. 0.
86.072 18 WP_MOVED 5 665592.3125 5320088. 75. 32
86.096 18 BAT 0 124 0 0 1 92 0 0
86.140 18 GYRO_RATES -314 -5.458926 0.
86.156 18 GPS_SOL 0 0 0 0
86.232 18 NAVIGATION 0 2 0. 0. 0. 0. 0 0
86.268 18 GPS 0 0 0 0 0 0 0 0 0 0 0
86.296 18 NAVIGATION 0 2 0. 0. 0. 0. 0 0
86.340 18 ATTITUDE 1.464527 0. 1.352214
86.389 18 IR_SENSORS -42 329 371 287 49
86.436 18 ESTIMATOR 0. 0.
86.484 18 NAVIGATION 0 2 0. 0. 0. 0. 0 0
86.516 18 GPS 0 0 0 0 0 0 0 0 0 0 0
86.544 18 WP_MOVED 6 665597. 5319937.5 75. 32
86.556 18 DOWNLINK 0 514 2090
86.632 18 CALIBRATION 0. 0
86.732 18 NAVIGATION 0 2 0. 0. 0. 0. 0 0
86.768 18 GPS 0 0 0 0 0 0 0 0 0 0 0
86.840 18 ATTITUDE 1.461868 0. 1.350117
86.936 18 ESTIMATOR 0. 0.
86.956 18 ENERGY 12.4 0. 0 0.
86.984 18 NAVIGATION 0 2 0. 0. 0. 0. 0 0
87.020 18 GPS 0 0 0 0 0 0 0 0 0 0 0
87.032 18 DOWNLINK_STATUS 87 43341 1954 0 511. 23. 32.83
87.044 18 WP_MOVED 7 665340.8125 5320018.5 75. 32
87.080 18 DESIRED 0. 0.15 0. 0. 0. 700. 0.
87.092 18 DL_VALUE 2 0.
87.144 18 BAT 0 124 0 0 1 93 0 0
87.232 18 NAVIGATION 0 2 0. 0. 0. 0. 0 0
87.268 18 GPS 0 0 0 0 0 0 0 0 0 0 0
87.296 18 NAVIGATION 0 2 0. 0. 0. 0. 0 0
87.312 18 GYRO_RATES -314 -5.458926 0.
87.340 18 ATTITUDE 1.453775 0. 1.345378
87.436 18 ESTIMATOR 0. 0.
87.484 18 NAVIGATION 0 2 0. 0. 0. 0. 0 0
87.516 18 GPS 0 0 0 0 0 0 0 0 0 0 0
87.544 18 WP_MOVED 8 665734.375 5320238.5 75. 32
87.560 18 IR_SENSORS -46 331 377 285 52
87.720 18 FBW_STATUS 2 0 1 124 0
87.748 18 NAVIGATION 0 2 0. 0. 0. 0. 0 0
87.780 18 GPS 0 0 0 0 0 0 0 0 0 0 0
87.840 18 ATTITUDE 1.457764 0. 1.347643
87.936 18 ESTIMATOR 0. 0.
87.984 18 NAVIGATION 0 2 0. 0. 0. 0. 0 0
88.016 18 GPS 0 0 0 0 0 0 0 0 0 0 0
88.032 18 DOWNLINK_STATUS 88 43818 1975 0 477. 21. 32.83
88.044 18 WP_MOVED 9 665345.5 5320111.5 75. 32
88.108 18 DESIRED 0. 0.17 0. 0. 0. 700. 0.
88.140 18 GPS_SOL 0 0 0 0
88.232 18 NAVIGATION 0 2 0. 0. 0. 0. 0 0
88.268 18 GPS 0 0 0 0 0 0 0 0 0 0 0
88.296 18 NAVIGATION 0 2 0. 0. 0. 0. 0 0
88.316 18 BAT 0 124 0 0 1 94 0 0
88.341 18 ATTITUDE 1.447014 0. 1.341633
88.356 18 GYRO_RATES -320 -5.563237 0.
88.437 18 ESTIMATOR 0. 0.
88.484 18 NAVIGATION 0 2 0. 0. 0. 0. 0 0
88.516 18 GPS 0 0 0 0 0 0 0 0 0 0 0
88.544 18 WP_MOVED 0 665502. 5319991. 75. 32
88.556 18 DL_VALUE 3 0.
88.732 18 NAVIGATION 0 2 0. 0. 0. 0. 0 0
88.768 18 GPS 0 0 0 0 0 0 0 0 0 0 0
88.784 18 IR_SENSORS -44 329 373 285 51
88.796 18 CALIBRATION 0. 0
88.820 18 COMMANDS 0,2701,-9600
88.843 18 ATTITUDE 1.460301 0. 1.349963
88.920 18 ACTUATORS 1290,1773,0,1021
88.936 18 ESTIMATOR 0. 0.
88.984 18 NAVIGATION 0 2 0. 0. 0. 0. 0 0
89.016 18 GPS 0 0 0 0 0 0 0 0 0 0 0
89.032 18 DOWNLINK_STATUS 89 44337 1999 0 519. 24. 32.83
89.044 18 WP_MOVED 1 665460. 5319949. 75. 32
89.156 18 DESIRED 0. 0.15 0. 0. 0. 700. 0.
89.232 18 NAVIGATION 0 2 0. 0. 0. 0. 0 0
89.268 18 GPS 0 0 0 0 0 0 0 0 0 0 0
89.296 18 NAVIGATION 0 2 0. 0. 0. 0. 0 0
89.342 18 ATTITUDE 1.45191 0. 1.345742
89.364 18 BAT 0 124 0 0 1 95 0 0
89.436 18 ESTIMATOR 0. 0.
89.452 18 GYRO_RATES -316 -5.493697 0.
89.476 18 ENERGY 12.4 0. 0 0.
89.500 18 NAVIGATION 0 2 0. 0. 0. 0. 0 0
89.536 18 GPS 0 0 0 0 0 0 0 0 0 0 0
89.556 18 WP_MOVED 2 665509.5 5320029. 75. 32
89.580 18 ALIVE 234,232,121,223,242,64,180,13,219,168,219,104,18,121,95,82
89.636 18 PPRZ_MODE 2 0 0 0 0 6
89.720 18 FBW_STATUS 2 0 1 124 0
89.748 18 NAVIGATION 0 2 0. 0. 0. 0. 0 0
89.780 18 GPS 0 0 0 0 0 0 0 0 0 0 0
89.844 18 ATTITUDE 1.458956 0. 1.349769
89.936 18 ESTIMATOR 0. 0.
89.952 18 IR_SENSORS -45 328 373 283 52
89.984 18 NAVIGATION 0 2 0. 0. 0. 0. 0 0
90.016 18 GPS 0 0 0 0 0 0 0 0 0 0 0
90.033 18 DOWNLINK_STATUS 90 44858 2022 0 521. 23. 32.83
90.044 18 WP_MOVED 3 665540. 5320049. 75. 32
90.056 18 DL_VALUE 4 80.
90.140 18 GPS_SOL 0 0 0 0
90.208 18 DESIRED 0. 0.17 0. 0. 0. 700. 0.
90.236 18 NAVIGATION 0 2 0. 0. 0. 0. 0 0
90.268 18 GPS 0 0 0 0 0 0 0 0 0 0 0
90.296 18 NAVIGATION 0 2 0. 0. 0. 0. 0 0
90.343 18 ATTITUDE 1.45191 0. 1.345012
90.436 18 ESTIMATOR 0. 0.
90.456 18 BAT 0 124 0 0 1 96 0 0
90.484 18 NAVIGATION 0 2 0. 0. 0. 0. 0 0
90.520 18 GPS 0 0 0 0 0 0 0 0 0 0 0
90.524 18 PONG 
90.548 18 WP_MOVED 4 665470.125 5320139. 75. 32
90.564 18 GYRO_RATES -317 -5.511082 0.
90.732 18 NAVIGATION 0 2 0. 0. 0. 0. 0 0
90.768 18 GPS 0 0 0 0 0 0 0 0 0 0 0
90.845 18 ATTITUDE 1.45533 0. 1.347643
90.852 18 CALIBRATION 0. 0
90.936 18 ESTIMATOR 0. 0.
90.984 18 NAVIGATION 0 2 0. 0. 0. 0. 0 0
91.016 18 GPS 0 0 0 0 0 0 0 0 0 0 0
91.034 18 DOWNLINK_STATUS 91 45339 2044 0 481. 22. 32.09
91.044 18 WP_MOVED 5 665592.3125 5320088. 75. 32
91.140 18 IR_SENSORS -45 324 369 279 51
91.232 18 NAVIGATION 0 2 0. 0. 0. 0. 0 0
91.268 18 GPS 0 0 0 0 0 0 0 0 0 0 0
91.296 18 NAVIGATION 0 2 0. 0. 0. 0. 0 0
91.332 18 DESIRED 0. 0.15 0. 0. 0. 700. 0.
91.348 18 ATTITUDE 1.455945 0. 1.347283
91.436 18 ESTIMATOR 0. 0.
91.484 18 NAVIGATION 0 2 0. 0. 0. 0. 0 0
91.516 18 GPS 0 0 0 0 0 0 0 0 0 0 0
91.544 18 WP_MOVED 6 665597. 5319937.5 75. 32
91.564 18 BAT 0 124 0 0 1 97 0 0
91.576 18 DL_VALUE 5 2.
91.640 18 GYRO_RATES -314 -5.458926 0.
91.648 18 DOWNLINK 0 490 2203
91.720 18 FBW_STATUS 2 0 1 124 0
91.748 18 NAVIGATION 0 2 0. 0. 0. 0. 0 0
91.780 18 GPS 0 0 0 0 0 0 0 0 0 0 0
91.840 18 ATTITUDE 1.458362 0. 1.349419
91.936 18 ESTIMATOR 0. 0.
91.956 18 ENERGY 12.4 0. 0 0.
91.984 18 NAVIGATION 0 2 0. 0. 0. 0. 0 0
92.020 18 GPS 0 0 0 0 0 0 0 0 0 0 0
92.035 18 DOWNLINK_STATUS 92 45847 2067 0 508. 23. 32.09
92.044 18 WP_MOVED 7 665340.8125 5320018.5 75. 32
92.140 18 GPS_SOL 0 0 0 0
92.232 18 NAVIGATION 0 2 0. 0. 0. 0. 0 0
92.268 18 GPS 0 0 0 0 0 0 0 0 0 0 0
92.296 18 NAVIGATION 0 2 0. 0. 0. 0. 0 0
92.332 18 DESIRED 0. 0.17 0. 0. 0. 700. 0.
92.348 18 ATTITUDE 1.465031 0. 1.354521
92.364 18 IR_SENSORS -44 326 370 282 48
92.436 18 ESTIMATOR 0. 0.
92.484 18 NAVIGATION 0 2 0. 0. 0. 0. 0 0
92.516 18 GPS 0 0 0 0 0 0 0 0 0 0 0
92.544 18 WP_MOVED 8 665734.375 5320238.5 75. 32
92.644 18 BAT 0 124 0 0 1 98 0 0
92.732 18 NAVIGATION 0 2 0. 0. 0. 0. 0 0
92.768 18 GPS 0 0 0 0 0 0 0 0 0 0 0
92.784 18 GYRO_RATES -315 -5.476311 0.
92.840 18 ATTITUDE 1.460715 0. 1.350117
92.936 18 ESTIMATOR 0. 0.
92.948 18 CALIBRATION 0. 0
92.984 18 NAVIGATION 0 2 0. 0. 0. 0. 0 0
93.016 18 GPS 0 0 0 0 0 0 0 0 0 0 0
93.036 18 DOWNLINK_STATUS 93 46327 2088 0 480. 21. 32.09
93.044 18 WP_MOVED 9 665345.5 5320111.5 75. 32
93.056 18 DL_VALUE 6 0.
93.232 18 NAVIGATION 0 2 0. 0. 0. 0. 0 0
93.268 18 GPS 0 0 0 0 0 0 0 0 0 0 0
93.296 18 NAVIGATION 0 2 0. 0. 0. 0. 0 0
93.340 18 ATTITUDE 1.463363 0. 1.352214
93.376 18 DESIRED 0. 0.15 0. 0. 0. 700. 0.
93.436 18 ESTIMATOR 0. 0.
93.484 18 NAVIGATION 0 2 0. 0. 0. 0. 0 0
93.516 18 GPS 0 0 0 0 0 0 0 0 0 0 0
93.544 18 WP_MOVED 0 665502. 5319991. 75. 32
93.560 18 IR_SENSORS -43 323 366 280 49
93.720 18 FBW_STATUS 2 0 1 124 0
93.748 18 NAVIGATION 0 2 0. 0. 0. 0. 0 0
93.780 18 GPS 0 0 0 0 0 0 0 0 0 0 0
93.804 18 BAT 0 124 0 0 1 100 0 0
93.820 18 COMMANDS 0,3415,-9600
93.840 18 ATTITUDE 1.466808 0. 1.354281
93.857 18 GYRO_RATES -322 -5.598007 0.
93.872 18 NAVIGATION_REF 665460 5319949 32
93.920 18 ACTUATORS 1290,1751,0,1000
93.936 18 ESTIMATOR 0. 0.
93.984 18 NAVIGATION 0 2 0. 0. 0. 0. 0 0
94.016 18 GPS 0 0 0 0 0 0 0 0 0 0 0
94.036 18 DOWNLINK_STATUS 94 46847 2112 0 520. 24. 32.09
94.044 18 WP_MOVED 1 665460. 5319949. 75. 32
94.140 18 GPS_SOL 0 0 0 0
94.232 18 NAVIGATION 0 2 0. 0. 0. 0. 0 0
94.268 18 GPS 0 0 0 0 0 0 0 0 0 0 0
94.296 18 NAVIGATION 0 2 0. 0. 0. 0. 0 0
94.340 18 ATTITUDE 1.465031 0. 1.354521
94.408 18 DESIRED 0. 0.17 0. 0. 0. 700. 0.
94.436 18 ESTIMATOR 0. 0.
94.456 18 ENERGY 12.4 0. 0 0.
94.484 18 NAVIGATION 0 2 0. 0. 0. 0. 0 0
94.520 18 GPS 0 0 0 0 0 0 0 0 0 0 0
94.544 18 WP_MOVED 2 665509.5 5320029. 75. 32
94.556 18 DL_VALUE 7 1.
94.580 18 ALIVE 234,232,121,223,242,64,180,13,219,168,219,104,18,121,95,82
94.636 18 PPRZ_MODE 2 0 0 0 0 6
94.732 18 NAVIGATION 0 2 0. 0. 0. 0. 0 0
94.768 18 GPS 0 0 0 0 0 0 0 0 0 0 0
94.784 18 IR_SENSORS -42 326 368 284 46
94.840 18 ATTITUDE 1.470152 0. 1.357551
94.860 18 BAT 0 124 0 0 1 101 0 0
94.936 18 ESTIMATOR 0. 0.
94.952 18 GYRO_RATES -320 -5.563237 0.
94.984 18 NAVIGATION 0 2 0. 0. 0. 0. 0 0
95.016 18 GPS 0 0 0 0 0 0 0 0 0 0 0
95.036 18 DOWNLINK_STATUS 95 47382 2136 0 535. 24. 32.09
95.044 18 WP_MOVED 3 665540. 5320049. 75. 32
95.056 18 CALIBRATION 0. 0
95.232 18 NAVIGATION 0 2 0. 0. 0. 0. 0 0
95.268 18 GPS 0 0 0 0 0 0 0 0 0 0 0
95.284 18 WIND_INFO 18 42 0. 0. 0.
95.296 18 NAVIGATION 0 2 0. 0. 0. 0. 0 0
95.340 18 ATTITUDE 1.465616 0. 1.353478
95.436 18 ESTIMATOR 0. 0.
95.472 18 DESIRED 0. 0.15 0. 0. 0. 700. 0.
95.500 18 NAVIGATION 0 2 0. 0. 0. 0. 0 0
95.532 18 GPS 0 0 0 0 0 0 0 0 0 0 0
95.540 18 PONG 
95.560 18 WP_MOVED 4 665470.125 5320139. 75. 32
95.720 18 FBW_STATUS 2 0 1 124 0
95.748 18 NAVIGATION 0 2 0. 0. 0. 0. 0 0
95.780 18 GPS 0 0 0 0 0 0 0 0 0 0 0
95.840 18 ATTITUDE 1.480204 0. 1.363467
95.936 18 ESTIMATOR 0. 0.
95.956 18 BAT 0 124 0 0 1 102 0 0
95.976 18 IR_SENSORS -41 329 370 288 45
96.000 18 NAVIGATION 0 2 0. 0. 0. 0. 0 0
96.036 18 GPS 0 0 0 0 0 0 0 0 0 0 0
96.036 18 DOWNLINK_STATUS 96 47849 2157 0 467. 21. 48.01
96.056 18 WP_MOVED 5 665592.3125 5320088. 75. 32
96.072 18 GYRO_RATES -317 -5.511082 0.
96.084 18 DL_VALUE 8 0.
96.140 18 GPS_SOL 0 0 0 0
96.232 18 NAVIGATION 0 2 0. 0. 0. 0. 0 0
96.268 18 GPS 0 0 0 0 0 0 0 0 0 0 0
96.296 18 NAVIGATION 0 2 0. 0. 0. 0. 0 0
96.340 18 ATTITUDE 1.473605 0. 1.358163
96.436 18 ESTIMATOR 0. 0.
96.484 18 NAVIGATION 0 2 0. 0. 0. 0. 0 0
96.516 18 GPS 0 0 0 0 0 0 0 0 0 0 0
96.552 18 DESIRED 0. 0.17 0. 0. 0. 700. 0.
96.572 18 WP_MOVED 6 665597. 5319937.5 75. 32
96.732 18 NAVIGATION 0 2 0. 0. 0. 0. 0 0
96.768 18 GPS 0 0 0 0 0 0 0 0 0 0 0
96.780 18 DOWNLINK 0 500 2317
96.840 18 ATTITUDE 1.484909 0. 1.367522
96.936 18 ESTIMATOR 0. 0.
96.956 18 ENERGY 12.4 0. 0 0.
96.984 18 NAVIGATION 0 2 0. 0. 0. 0. 0 0
97.020 18 GPS 0 0 0 0 0 0 0 0 0 0 0
97.037 18 DOWNLINK_STATUS 97 48324 2178 0 475. 21. 48.01
97.044 18 WP_MOVED 7 665340.8125 5320018.5 75. 32
97.064 18 BAT 0 124 0 0 1 103 0 0
97.140 18 GYRO_RATES -317 -5.511082 0.
97.156 18 IR_SENSORS -40 327 367 287 46
97.168 18 CALIBRATION 0. 0
97.232 18 NAVIGATION 0 2 0. 0. 0. 0. 0 0
97.268 18 GPS 0 0 0 0 0 0 0 0 0 0 0
97.296 18 NAVIGATION 0 2 0. 0. 0. 0. 0 0
97.340 18 ATTITUDE 1.474155 0. 1.359175
97.436 18 ESTIMATOR 0. 0.
97.484 18 NAVIGATION 0 2 0. 0. 0. 0. 0 0
97.516 18 GPS 0 0 0 0 0 0 0 0 0 0 0
97.544 18 WP_MOVED 8 665734.375 5320238.5 75. 32
97.580 18 DESIRED 0. 0.15 0. 0. 0. 700. 0.
97.588 18 DL_VALUE 9 65535.
97.720 18 FBW_STATUS 2 0 1 124 0
97.748 18 NAVIGATION 0 2 0. 0. 0. 0. 0 0
97.780 18 GPS 0 0 0 0 0 0 0 0 0 0 0
97.840 18 ATTITUDE 1.480204 0. 1.362826
97.936 18 ESTIMATOR 0. 0.
97.980 18 NAVIGATION 0 2 0. 0. 0. 0. 0 0
98.016 18 GPS 0 0 0 0 0 0 0 0 0 0 0
98.038 18 DOWNLINK_STATUS 98 48812 2200 0 488. 22. 48.01
98.044 18 WP_MOVED 9 665345.5 5320111.5 75. 32
98.144 18 BAT 0 124 0 0 1 104 0 0
98.160 18 GPS_SOL 0 0 0 0
98.232 18 NAVIGATION 0 2 0. 0. 0. 0. 0 0
98.268 18 GPS 0 0 0 0 0 0 0 0 0 0 0
98.296 18 NAVIGATION 0 2 0. 0. 0. 0. 0 0
98.312 18 GYRO_RATES -315 -5.476311 0.
98.340 18 ATTITUDE 1.477026 0. 1.360861
98.356 18 IR_SENSORS -40 325 365 285 45
98.436 18 ESTIMATOR 0. 0.
98.480 18 NAVIGATION 0 2 0. 0. 0. 0. 0 0
98.516 18 GPS 0 0 0 0 0 0 0 0 0 0 0
98.544 18 WP_MOVED 0 665502. 5319991. 75. 32
98.608 18 DESIRED 0. 0.17 0. 0. 0. 700. 0.
98.732 18 NAVIGATION 0 2 0. 0. 0. 0. 0 0
98.768 18 GPS 0 0 0 0 0 0 0 0 0 0 0
98.820 18 COMMANDS 0,3526,-9600
98.840 18 ATTITUDE 1.491731 0. 1.3705
98.920 18 ACTUATORS 1290,1742,0,1000
98.936 18 ESTIMATOR 0. 0.
98.980 18 NAVIGATION 0 2 0. 0. 0. 0. 0 0
99.016 18 GPS 0 0 0 0 0 0 0 0 0 0 0
99.039 18 DOWNLINK_STATUS 99 49309 2222 0 497. 22. 48.01
99.044 18 WP_MOVED 1 665460. 5319949. 75. 32
99.052 18 DL_VALUE 10 -0.062832
99.232 18 NAVIGATION 0 2 0. 0. 0. 0. 0 0
99.268 18 GPS 0 0 0 0 0 0 0 0 0 0 0
99.296 18 NAVIGATION 0 2 0. 0. 0. 0. 0 0
99.316 18 BAT 0 124 0 0 1 105 0 0
99.328 18 CALIBRATION 0. 0
99.344 18 ATTITUDE 1.486805 0. 1.369276
99.364 18 GYRO_RATES -314 -5.458926 0.
99.436 18 ESTIMATOR 0. 0.
99.456 18 ENERGY 12.4 0. 0 0.
99.484 18 NAVIGATION 0 2 0. 0. 0. 0. 0 0
99.520 18 GPS 0 0 0 0 0 0 0 0 0 0 0
99.544 18 WP_MOVED 2 665509.5 5320029. 75. 32
99.560 18 IR_SENSORS -39 325 364 286 42
99.584 18 ALIVE 234,232,121,223,242,64,180,13,219,168,219,104,18,121,95,82
99.656 18 DESIRED 0. 0.15 0. 0. 0. 700. 0.
99.668 18 PPRZ_MODE 2 0 0 0 0 6
99.720 18 FBW_STATUS 2 0 1 124 0
99.748 18 NAVIGATION 0 2 0. 0. 0. 0. 0 0
99.780 18 GPS 0 0 0 0 0 0 0 0 0 0 0
99.840 18 ATTITUDE 1.478631 0. 1.361193
99.936 18 ESTIMATOR 0. 0.
99.984 18 NAVIGATION 0 2 0. 0. 0. 0. 0 0
100.016 18 GPS 0 0 0 0 0 0 0 0 0 0 0
100.040 18 DOWNLINK_STATUS 100 49852 2247 0 543. 25. 48.01
100.044 18 WP_MOVED 3 665540. 5320049. 75. 32
100.140 18 GPS_SOL 0 0 0 0
100.232 18 NAVIGATION 0 2 0. 0. 0. 0. 0 0
100.268 18 GPS 0 0 0 0 0 0 0 0 0 0 0
100.296 18 NAVIGATION 0 2 0. 0. 0. 0. 0 0
100.340 18 ATTITUDE 1.507675 0. 1.379627
100.364 18 BAT 0 124 0 0 1 106 0 0
100.436 18 ESTIMATOR 0. 0.
100.452 18 GYRO_RATES -331 -5.754473 0.
100.484 18 NAVIGATION 0 2 0. 0. 0. 0. 0 0
100.516 18 GPS 0 0 0 0 0 0 0 0 0 0 0
100.524 18 PONG 
100.544 18 WP_MOVED 4 665470.125 5320139. 75. 32
100.556 18 DL_VALUE 11 0.087266
100.708 18 DESIRED 0. 0.17 0. 0. 0. 700. 0.
100.736 18 NAVIGATION 0 2 0. 0. 0. 0. 0 0
100.768 18 GPS 0 0 0 0 0 0 0 0 0 0 0
100.784 18 IR_SENSORS -34 342 376 308 37
100.840 18 ATTITUDE 1.516335 0. 1.385957
100.936 18 ESTIMATOR 0. 0.
100.984 18 NAVIGATION 0 2 0. 0. 0. 0. 0 0
101.016 18 GPS 0 0 0 0 0 0 0 0 0 0 0
101.040 18 DOWNLINK_STATUS 101 50338 2269 0 486. 22. 31.96
101.044 18 WP_MOVED 5 665592.3125 5320088. 75. 32
101.232 18 NAVIGATION 0 2 0. 0. 0. 0. 0 0
101.268 18 GPS 0 0 0 0 0 0 0 0 0 0 0
101.296 18 NAVIGATION 0 2 0. 0. 0. 0. 0 0
101.340 18 ATTITUDE 1.542379 0. 1.404598
101.352 18 CALIBRATION 0. 0
101.436 18 ESTIMATOR 0. 0.
101.456 18 BAT 0 124 0 0 1 107 0 0
101.484 18 NAVIGATION 0 2 0. 0. 0. 0. 0 0
101.520 18 GPS 0 0 0 0 0 0 0 0 0 0 0
101.544 18 WP_MOVED 6 665597. 5319937.5 75. 32
101.560 18 GYRO_RATES -317 -5.511082 0.
101.720 18 FBW_STATUS 2 0 1 124 0
101.748 18 NAVIGATION 0 2 0. 0. 0. 0. 0 0
101.780 18 GPS 0 0 0 0 0 0 0 0 0 0 0
101.816 18 DESIRED 0. 0.16 0. 0. 0. 700. 0.
101.840 18 ATTITUDE 1.546189 0. 1.407406
101.852 18 DOWNLINK 0 494 2431
101.936 18 ESTIMATOR 0. 0.
101.952 18 IR_SENSORS -23 328 351 305 28
101.972 18 ENERGY 12.4 0. 0 0.
102.000 18 NAVIGATION 0 2 0. 0. 0. 0. 0 0
102.036 18 GPS 0 0 0 0 0 0 0 0 0 0 0
102.040 18 DOWNLINK_STATUS 102 50846 2292 0 508. 23. 31.96
102.056 18 WP_MOVED 7 665340.8125 5320018.5 75. 32
102.068 18 DL_VALUE 0 700.
102.140 18 GPS_SOL 0 0 0 0
102.232 18 NAVIGATION 0 2 0. 0. 0. 0. 0 0
102.268 18 GPS 0 0 0 0 0 0 0 0 0 0 0
102.296 18 NAVIGATION 0 2 0. 0. 0. 0. 0 0
102.340 18 ATTITUDE 1.545045 0. 1.405653
102.436 18 ESTIMATOR 0. 0.
102.480 18 NAVIGATION 0 2 0. 0. 0. 0. 0 0
102.516 18 GPS 0 0 0 0 0 0 0 0 0 0 0
102.540 18 WP_MOVED 8 665734.375 5320238.5 75. 32
102.564 18 BAT 0 124 0 0 1 108 0 0
102.636 18 GYRO_RATES -316 -5.493697 0.
102.732 18 NAVIGATION 0 2 0. 0. 0. 0. 0 0
102.768 18 GPS 0 0 0 0 0 0 0 0 0 0 0
102.808 18 DESIRED 0. 0.16 0. 0. 0. 700. 0.
102.840 18 ATTITUDE 1.545906 0. 1.407191
102.856 18 NAVIGATION_REF 665460 5319949 32
102.936 18 ESTIMATOR 0. 0.
102.980 18 NAVIGATION 0 2 0. 0. 0. 0. 0 0
103.016 18 GPS 0 0 0 0 0 0 0 0 0 0 0
103.040 18 WP_MOVED 9 665345.5 5320111.5 75. 32
103.040 18 DOWNLINK_STATUS 103 51345 2314 0 499. 22. 31.96
103.136 18 IR_SENSORS -22 330 352 308 25
103.232 18 NAVIGATION 0 2 0. 0. 0. 0. 0 0
103.268 18 GPS 0 0 0 0 0 0 0 0 0 0 0
103.292 18 NAVIGATION 0 2 0. 0. 0. 0. 0 0
103.340 18 ATTITUDE 1.552898 0. 1.412019
103.436 18 ESTIMATOR 0. 0.
103.448 18 CALIBRATION 0. 0
103.480 18 NAVIGATION 0 2 0. 0. 0. 0. 0 0
103.516 18 GPS 0 0 0 0 0 0 0 0 0 0 0
103.540 18 WP_MOVED 0 665502. 5319991. 75. 32
103.552 18 DL_VALUE 1 0.
103.644 18 BAT 0 124 0 0 1 109 0 0
103.720 18 FBW_STATUS 2 0 1 124 0
103.748 18 NAVIGATION 0 2 0. 0. 0. 0. 0 0
103.780 18 GPS 0 0 0 0 0 0 0 0 0 0 0
103.796 18 GYRO_RATES -316 -5.493697 0.
103.820 18 COMMANDS 0,3722,-9600
103.840 18 ATTITUDE 1.548123 0. 1.409692
103.876 18 DESIRED 0. 0.16 0. 0. 0. 700. 0.
103.920 18 ACTUATORS 1290,1738,0,1000
103.936 18 ESTIMATOR 0. 0.
103.980 18 NAVIGATION 0 2 0. 0. 0. 0. 0 0
104.016 18 GPS 0 0 0 0 0 0 0 0 0 0 0
104.041 18 WP_MOVED 1 665460. 5319949. 75. 32
104.041 18 DOWNLINK_STATUS 104 51861 2338 0 516. 24. 31.96
104.140 18 GPS_SOL 0 0 0 0
104.232 18 NAVIGATION 0 2 0. 0. 0. 0. 0 0
104.268 18 GPS 0 0 0 0 0 0 0 0 0 0 0
104.292 18 NAVIGATION 0 2 0. 0. 0. 0. 0 0
104.340 18 ATTITUDE 1.498534 0. 1.373737
104.356 18 IR_SENSORS -36 345 381 309 42
104.436 18 ESTIMATOR 0. 0.
104.456 18 ENERGY 12.4 0. 0 0.
104.484 18 NAVIGATION 0 2 0. 0. 0. 0. 0 0
104.520 18 GPS 0 0 0 0 0 0 0 0 0 0 0
104.544 18 WP_MOVED 2 665509.5 5320029. 75. 32
104.568 18 ALIVE 234,232,121,223,242,64,180,13,219,168,219,104,18,121,95,82
104.632 18 PPRZ_MODE 2 0 0 0 0 6
104.732 18 NAVIGATION 0 2 0. 0. 0. 0. 0 0
104.768 18 GPS 0 0 0 0 0 0 0 0 0 0 0
104.788 18 BAT 0 124 0 0 1 111 0 0
104.840 18 ATTITUDE 1.526446 0. 1.39335
104.856 18 GYRO_RATES -334 -5.806629 0.
104.908 18 DESIRED 0. 0.17 0. 0. 0. 700. 0.
104.936 18 ESTIMATOR 0. 0.
104.980 18 NAVIGATION 0 2 0. 0. 0. 0. 0 0
105.016 18 GPS 0 0 0 0 0 0 0 0 0 0 0
105.042 18 WP_MOVED 3 665540. 5320049. 75. 32
105.042 18 DOWNLINK_STATUS 105 52385 2361 0 524. 23. 31.96
105.052 18 DL_VALUE 2 0.
105.232 18 NAVIGATION 0 2 0. 0. 0. 0. 0 0
105.268 18 GPS 0 0 0 0 0 0 0 0 0 0 0
105.284 18 WIND_INFO 18 42 0. 0. 0.
105.296 18 NAVIGATION 0 2 0. 0. 0. 0. 0 0
105.342 18 ATTITUDE 1.439732 0. 1.339757
105.436 18 ESTIMATOR 0. 0.
105.484 18 NAVIGATION 0 2 0. 0. 0. 0. 0 0
105.516 18 GPS 0 0 0 0 0 0 0 0 0 0 0
105.524 18 PONG 
105.544 18 WP_MOVED 4 665470.125 5320139. 75. 32
105.560 18 IR_SENSORS -52 323 375 271 58
105.572 18 CALIBRATION 0. 0
105.720 18 FBW_STATUS 2 0 1 124 0
105.744 18 NAVIGATION 0 2 0. 0. 0. 0. 0 0
105.780 18 GPS 0 0 0 0 0 0 0 0 0 0 0
105.840 18 ATTITUDE 1.433396 0. 1.340902
105.860 18 BAT 0 124 0 0 1 112 0 0
105.936 18 ESTIMATOR 0. 0.
105.972 18 DESIRED 0. 0.15 0. 0. 0. 700. 0.
105.988 18 GYRO_RATES -314 -5.458926 0.
106.016 18 NAVIGATION 0 2 0. 0. 0. 0. 0 0
106.043 18 DOWNLINK_STATUS 106 52826 2382 0 441. 21. 31.96
106.048 18 GPS 0 0 0 0 0 0 0 0 0 0 0
106.072 18 WP_MOVED 5 665592.3125 5320088. 75. 32
106.140 18 GPS_SOL 0 0 0 0
106.232 18 NAVIGATION 0 2 0. 0. 0. 0. 0 0
106.268 18 GPS 0 0 0 0 0 0 0 0 0 0 0
106.292 18 NAVIGATION 0 2 0. 0. 0. 0. 0 0
106.340 18 ATTITUDE 1.434798 0. 1.341633
106.436 18 ESTIMATOR 0. 0.
106.480 18 NAVIGATION 0 2 0. 0. 0. 0. 0 0
106.516 18 GPS 0 0 0 0 0 0 0 0 0 0 0
106.540 18 WP_MOVED 6 665597. 5319937.5 75. 32
106.552 18 DL_VALUE 3 0.
106.732 18 NAVIGATION 0 2 0. 0. 0. 0. 0 0
106.768 18 GPS 0 0 0 0 0 0 0 0 0 0 0
106.784 18 IR_SENSORS -49 323 372 274 54
106.840 18 ATTITUDE 1.427794 0. 1.333473
106.936 18 ESTIMATOR 0. 0.
106.956 18 BAT 0 124 0 0 1 113 0 0
106.976 18 ENERGY 12.4 0. 0 0.
106.988 18 DOWNLINK 0 494 2546
107.016 18 NAVIGATION 0 2 0. 0. 0. 0. 0 0
107.044 18 DOWNLINK_STATUS 107 53287 2403 0 461. 21. 31.96
107.052 18 GPS 0 0 0 0 0 0 0 0 0 0 0
107.092 18 DESIRED 0. 0.18 0. 0. 0. 700. 0.
107.108 18 WP_MOVED 7 665340.8125 5320018.5 75. 32
107.124 18 GYRO_RATES -318 -5.528467 0.
107.232 18 NAVIGATION 0 2 0. 0. 0. 0. 0 0
107.268 18 GPS 0 0 0 0 0 0 0 0 0 0 0
107.292 18 NAVIGATION 0 2 0. 0. 0. 0. 0 0
107.340 18 ATTITUDE 1.434824 0. 1.337132
107.436 18 ESTIMATOR 0. 0.
107.480 18 NAVIGATION 0 2 0. 0. 0. 0. 0 0
107.516 18 GPS 0 0 0 0 0 0 0 0 0 0 0
107.544 18 WP_MOVED 8 665734.375 5320238.5 75. 32
107.632 18 CALIBRATION 0. 0
107.720 18 FBW_STATUS 2 0 1 124 0
107.748 18 NAVIGATION 0 2 0. 0. 0. 0. 0 0
107.780 18 GPS 0 0 0 0 0 0 0 0 0 0 0
107.840 18 ATTITUDE 1.446078 0. 1.343904
107.936 18 ESTIMATOR 0. 0.
107.952 18 IR_SENSORS -50 324 374 274 55
107.980 18 NAVIGATION 0 2 0. 0. 0. 0. 0 0
108.016 18 GPS 0 0 0 0 0 0 0 0 0 0 0
108.044 18 WP_MOVED 9 665345.5 5320111.5 75. 32
108.044 18 DOWNLINK_STATUS 108 53797 2425 0 510. 22. 31.96
108.076 18 DESIRED 0. 0.15 0. 0. 0. 700. 0.
108.100 18 BAT 0 124 0 0 1 114 0 0
108.112 18 DL_VALUE 4 80.
108.136 18 GYRO_RATES -312 -5.424156 0.
108.156 18 GPS_SOL 0 0 0 0
108.232 18 NAVIGATION 0 2 0. 0. 0. 0. 0 0
108.268 18 GPS 0 0 0 0 0 0 0 0 0 0 0
108.296 18 NAVIGATION 0 2 0. 0. 0. 0. 0 0
108.340 18 ATTITUDE 1.453448 0. 1.352911
108.436 18 ESTIMATOR 0. 0.
108.484 18 NAVIGATION 0 2 0. 0. 0. 0. 0 0
108.516 18 GPS 0 0 0 0 0 0 0 0 0 0 0
108.544 18 WP_MOVED 0 665502. 5319991. 75. 32
108.732 18 NAVIGATION 0 2 0. 0. 0. 0. 0 0
108.768 18 GPS 0 0 0 0 0 0 0 0 0 0 0
108.820 18 COMMANDS 0,5080,-9600
108.840 18 ATTITUDE 1.465489 0. 1.359508
108.920 18 ACTUATORS 1290,1680,0,1000
108.936 18 ESTIMATOR 0. 0.
108.980 18 NAVIGATION 0 2 0. 0. 0. 0. 0 0
109.016 18 GPS 0 0 0 0 0 0 0 0 0 0 0
109.044 18 WP_MOVED 1 665460. 5319949. 75. 32
109.044 18 DOWNLINK_STATUS 109 54289 2447 0 492. 22. 31.96
109.108 18 DESIRED 0. 0.17 0. 0. 0. 700. 0.
109.144 18 BAT 0 124 0 0 1 115 0 0
109.160 18 IR_SENSORS -47 321 368 274 51
109.232 18 NAVIGATION 0 2 0. 0. 0. 0. 0 0
109.268 18 GPS 0 0 0 0 0 0 0 0 0 0 0
109.292 18 NAVIGATION 0 2 0. 0. 0. 0. 0 0
109.312 18 GYRO_RATES -309 -5.372001 0.
109.340 18 ATTITUDE 1.457297 0. 1.350081
109.436 18 ESTIMATOR 0. 0.
109.456 18 ENERGY 12.4 0. 0 0.
109.484 18 NAVIGATION 0 2 0. 0. 0. 0. 0 0
109.520 18 GPS 0 0 0 0 0 0 0 0 0 0 0
109.544 18 WP_MOVED 2 665509.5 5320029. 75. 32
109.552 18 DL_VALUE 5 2.
109.576 18 ALIVE 234,232,121,223,242,64,180,13,219,168,219,104,18,121,95,82
109.632 18 PPRZ_MODE 2 0 0 0 0 6
109.720 18 FBW_STATUS 2 0 1 124 0
109.748 18 NAVIGATION 0 2 0. 0. 0. 0. 0 0
109.780 18 GPS 0 0 0 0 0 0 0 0 0 0 0
109.792 18 CALIBRATION 0. 0
109.840 18 ATTITUDE 1.462047 0. 1.353478
109.936 18 ESTIMATOR 0. 0.
109.980 18 NAVIGATION 0 2 0. 0. 0. 0. 0 0
110.016 18 GPS 0 0 0 0 0 0 0 0 0 0 0
110.044 18 WP_MOVED 3 665540. 5320049. 75. 32
110.044 18 DOWNLINK_STATUS 110 54832 2472 0 543. 25. 31.96
110.156 18 DESIRED 0. 0.15 0. 0. 0. 700. 0.
110.176 18 GPS_SOL 0 0 0 0
110.232 18 NAVIGATION 0 2 0. 0. 0. 0. 0 0
110.268 18 GPS 0 0 0 0 0 0 0 0 0 0 0
110.292 18 NAVIGATION 0 2 0. 0. 0. 0. 0 0
110.316 18 BAT 0 124 0 0 1 116 0 0
110.340 18 ATTITUDE 1.46848 0. 1.361193
110.356 18 GYRO_RATES -311 -5.406771 0.
110.375 18 IR_SENSORS -48 318 366 270 45
110.436 18 ESTIMATOR 0. 0.
110.480 18 NAVIGATION 0 2 0. 0. 0. 0. 0 0
110.516 18 GPS 0 0 0 0 0 0 0 0 0 0 0
110.524 18 PONG 
110.544 18 WP_MOVED 4 665470.125 5320139. 75. 32
110.732 18 NAVIGATION 0 2 0. 0. 0. 0. 0 0
110.768 18 GPS 0 0 0 0 0 0 0 0 0 0 0
110.840 18 ATTITUDE 1.493253 0. 1.377373
110.936 18 ESTIMATOR 0. 0.
110.980 18 NAVIGATION 0 2 0. 0. 0. 0. 0 0
111.016 18 GPS 0 0 0 0 0 0 0 0 0 0 0
111.044 18 WP_MOVED 5 665592.3125 5320088. 75. 32
111.044 18 DOWNLINK_STATUS 111 55307 2493 0 475. 21. 30.86
111.052 18 DL_VALUE 6 0.
111.208 18 DESIRED 0. 0.17 0. 0. 0. 700. 0.
111.232 18 NAVIGATION 0 2 0. 0. 0. 0. 0 0
111.268 18 GPS 0 0 0 0 0 0 0 0 0 0 0
111.296 18 NAVIGATION 0 2 0. 0. 0. 0. 0 0
111.340 18 ATTITUDE 1.470848 0. 1.358487
111.360 18 BAT 0 124 0 0 1 117 0 0
111.436 18 ESTIMATOR 0. 0.
111.452 18 GYRO_RATES -306 -5.319845 0.
111.480 18 NAVIGATION 0 2 0. 0. 0. 0. 0 0
111.516 18 GPS 0 0 0 0 0 0 0 0 0 0 0
111.544 18 WP_MOVED 6 665597. 5319937.5 75. 32
111.560 18 IR_SENSORS -43 313 356 270 36
111.720 18 FBW_STATUS 2 0 1 124 0
111.748 18 NAVIGATION 0 2 0. 0. 0. 0. 0 0
111.780 18 GPS 0 0 0 0 0 0 0 0 0 0 0
111.840 18 ATTITUDE 1.484213 0. 1.365767
111.852 18 CALIBRATION 0. 0
111.868 18 NAVIGATION_REF 665460 5319949 32
111.936 18 ESTIMATOR 0. 0.
111.956 18 ENERGY 12.4 0. 0 0.
111.984 18 NAVIGATION 0 2 0. 0. 0. 0. 0 0
112.020 18 GPS 0 0 0 0 0 0 0 0 0 0 0
112.044 18 WP_MOVED 7 665340.8125 5320018.5 75. 32
112.045 18 DOWNLINK_STATUS 112 55830 2517 0 523. 24. 30.86
112.052 18 DOWNLINK 0 505 2662
112.140 18 GPS_SOL 0 0 0 0
112.232 18 NAVIGATION 0 2 0. 0. 0. 0. 0 0
112.268 18 GPS 0 0 0 0 0 0 0 0 0 0 0
112.292 18 NAVIGATION 0 2 0. 0. 0. 0. 0 0
112.328 18 DESIRED 0. 0.16 0. 0. 0. 700. 0.
112.348 18 ATTITUDE 1.504389 0. 1.379558
112.436 18 ESTIMATOR 0. 0.
112.456 18 BAT 0 124 0 0 1 118 0 0
112.484 18 NAVIGATION 0 2 0. 0. 0. 0. 0 0
112.520 18 GPS 0 0 0 0 0 0 0 0 0 0 0
112.540 18 WP_MOVED 8 665734.375 5320238.5 75. 32
112.560 18 GYRO_RATES -303 -5.26769 0.
112.572 18 DL_VALUE 7 1.
112.732 18 NAVIGATION 0 2 0. 0. 0. 0. 0 0
112.768 18 GPS 0 0 0 0 0 0 0 0 0 0 0
112.784 18 IR_SENSORS -35 312 347 277 39
112.840 18 ATTITUDE 1.512362 0. 1.389624
112.936 18 ESTIMATOR 0. 0.
112.980 18 NAVIGATION 0 2 0. 0. 0. 0. 0 0
113.016 18 GPS 0 0 0 0 0 0 0 0 0 0 0
113.044 18 WP_MOVED 9 665345.5 5320111.5 75. 32
113.046 18 DOWNLINK_STATUS 113 56321 2539 0 491. 22. 30.86
113.232 18 NAVIGATION 0 2 0. 0. 0. 0. 0 0
113.268 18 GPS 0 0 0 0 0 0 0 0 0 0 0
113.292 18 NAVIGATION 0 2 0. 0. 0. 0. 0 0
113.328 18 DESIRED 0. 0.17 0. 0. 0. 700. 0.
113.348 18 ATTITUDE 1.531048 0. 1.402781
113.436 18 ESTIMATOR 0. 0.
113.480 18 NAVIGATION 0 2 0. 0. 0. 0. 0 0
113.516 18 GPS 0 0 0 0 0 0 0 0 0 0 0
113.544 18 WP_MOVED 0 665502. 5319991. 75. 32
113.564 18 BAT 0 124 0 0 1 119 0 0
113.636 18 GYRO_RATES -305 -5.30246 0.
113.720 18 FBW_STATUS 2 0 1 124 0
113.748 18 NAVIGATION 0 2 0. 0. 0. 0. 0 0
113.780 18 GPS 0 0 0 0 0 0 0 0 0 0 0
113.816 18 COMMANDS 0,6098,9600
113.840 18 ATTITUDE 1.505305 0. 1.380153
113.920 18 ACTUATORS 1290,1640,0,1000
113.936 18 ESTIMATOR 0. 0.
113.952 18 IR_SENSORS -29 310 339 281 31
113.964 18 CALIBRATION 0. 0
113.993 18 NAVIGATION 0 2 0. 0. 0. 0. 0 0
114.024 18 GPS 0 0 0 0 0 0 0 0 0 0 0
114.047 18 WP_MOVED 1 665460. 5319949. 75. 32
114.047 18 DOWNLINK_STATUS 114 56826 2562 0 505. 23. 30.86
114.056 18 DL_VALUE 8 0.
