1.237 18 FBW_STATUS 2 0 1 116 0
1.266 18 NAVIGATION 0 2 0. 0. 0. 0. 0 0
1.301 18 GPS 0 0 0 0 0 0 0 0 0 0 0
1.363 18 ATTITUDE 1.503168 0. 1.365491
1.370 18 DOWNLINK 0 483 140
1.426 18 DESIRED 0. 0.13 0. 0. 0. 700. 0.
1.454 18 ESTIMATOR 0. 0.
1.470 18 IR_SENSORS -17 294 311 277 36
1.501 18 NAVIGATION 0 2 0. 0. 0. 0. 0 0
1.534 18 GPS 0 0 0 0 0 0 0 0 0 0 0
1.562 18 WP_MOVED 3 665540. 5320049. 75. 32
1.573 18 DL_VALUE 4 80.
1.657 18 GPS_SOL 0 0 0 0
1.750 18 NAVIGATION 0 2 0. 0. 0. 0. 0 0
1.786 18 GPS 0 0 0 0 0 0 0 0 0 0 0
1.814 18 NAVIGATION 0 2 0. 0. 0. 0. 0 0
1.833 18 BAT 0 116 0 0 1 6 0 0
1.858 18 ATTITUDE 1.51193 0. 1.372873
1.877 18 GYRO_RATES -280 -4.867832 0.
1.954 18 ESTIMATOR 0. 0.
1.956 18 DOWNLINK_STATUS 2 1062 49 0 560. 26. 0.
2.001 18 NAVIGATION 0 2 0. 0. 0. 0. 0 0
2.037 18 GPS 0 0 0 0 0 0 0 0 0 0 0
2.062 18 WP_MOVED 4 665470.125 5320139. 75. 32
2.073 18 CALIBRATION 0. 0
2.250 18 NAVIGATION 0 2 0. 0. 0. 0. 0 0
2.286 18 GPS 0 0 0 0 0 0 0 0 0 0 0
2.358 18 ATTITUDE 1.506208 0. 1.368287
2.454 18 ESTIMATOR 0. 0.
2.490 18 DESIRED 0. 0.16 0. 0. 0. 700. 0.
2.518 18 NAVIGATION 0 2 0. 0. 0. 0. 0 0
2.554 18 GPS 0 0 0 0 0 0 0 0 0 0 0
2.574 18 WP_MOVED 5 665592.3125 5320088. 75. 32
2.658 18 IR_SENSORS -15 295 310 280 37
2.750 18 NAVIGATION 0 2 0. 0. 0. 0. 0 0
2.786 18 GPS 0 0 0 0 0 0 0 0 0 0 0
2.814 18 NAVIGATION 0 2 0. 0. 0. 0. 0 0
2.858 18 ATTITUDE 1.504848 0. 1.367919
2.881 18 BAT 0 116 0 0 1 7 0 0
2.954 18 ESTIMATOR 0. 0.
2.957 18 DOWNLINK_STATUS 3 1509 68 0 447. 19. 0.
2.970 18 GYRO_RATES -280 -4.867832 0.
3.002 18 NAVIGATION 0 2 0. 0. 0. 0. 0 0
3.034 18 GPS 0 0 0 0 0 0 0 0 0 0 0
3.062 18 WP_MOVED 6 665597. 5319937.5 75. 32
3.073 18 DL_VALUE 5 2.
3.238 18 FBW_STATUS 2 0 1 116 0
3.266 18 NAVIGATION 0 2 0. 0. 0. 0. 0 0
3.302 18 GPS 0 0 0 0 0 0 0 0 0 0 0
3.358 18 ATTITUDE 1.495233 0. 1.358381
3.454 18 ESTIMATOR 0. 0.
3.478 18 ENERGY 11.6 0. 0 0.
3.502 18 NAVIGATION 0 2 0. 0. 0. 0. 0 0
3.538 18 GPS 0 0 0 0 0 0 0 0 0 0 0
3.574 18 DESIRED 0. 0.13 0. 0. 0. 700. 0.
3.593 18 WP_MOVED 7 665340.8125 5320018.5 75. 32
3.657 18 GPS_SOL 0 0 0 0
3.750 18 NAVIGATION 0 2 0. 0. 0. 0. 0 0
3.786 18 GPS 0 0 0 0 0 0 0 0 0 0 0
3.814 18 NAVIGATION 0 2 0. 0. 0. 0. 0 0
3.862 18 ATTITUDE 1.505758 0. 1.368653
3.873 18 IR_SENSORS -16 296 312 280 36
3.953 18 ESTIMATOR 0. 0.
3.958 18 DOWNLINK_STATUS 4 2003 90 0 494. 22. 0.
3.974 18 BAT 0 116 0 0 1 8 0 0
4.002 18 NAVIGATION 0 2 0. 0. 0. 0. 0 0
4.038 18 GPS 0 0 0 0 0 0 0 0 0 0 0
4.062 18 WP_MOVED 8 665734.375 5320238.5 75. 32
4.078 18 GYRO_RATES -281 -4.885218 0.
4.150 18 CALIBRATION 0. 0
4.250 18 NAVIGATION 0 2 0. 0. 0. 0. 0 0
4.286 18 GPS 0 0 0 0 0 0 0 0 0 0 0
4.358 18 ATTITUDE 1.506655 0. 1.369379
4.454 18 ESTIMATOR 0. 0.
4.502 18 NAVIGATION 0 2 0. 0. 0. 0. 0 0
4.534 18 GPS 0 0 0 0 0 0 0 0 0 0 0
4.561 18 WP_MOVED 9 665345.5 5320111.5 75. 32
4.598 18 DESIRED 0. 0.16 0. 0. 0. 700. 0.
4.609 18 DL_VALUE 6 0.
4.750 18 NAVIGATION 0 2 0. 0. 0. 0. 0 0
4.786 18 GPS 0 0 0 0 0 0 0 0 0 0 0
4.814 18 NAVIGATION 0 2 0. 0. 0. 0. 0 0
4.858 18 ATTITUDE 1.503926 0. 1.367175
4.953 18 ESTIMATOR 0. 0.
4.958 18 DOWNLINK_STATUS 5 2461 110 0 458. 20. 0.
5.002 18 NAVIGATION 0 2 0. 0. 0. 0. 0 0
5.034 18 GPS 0 0 0 0 0 0 0 0 0 0 0
5.062 18 WP_MOVED 0 665502. 5319991. 75. 32
5.081 18 BAT 0 116 0 0 1 9 0 0
5.097 18 IR_SENSORS -17 296 313 279 37
5.157 18 GYRO_RATES -280 -4.867832 0.
5.238 18 FBW_STATUS 2 0 1 116 0
5.266 18 NAVIGATION 0 2 0. 0. 0. 0. 0 0
5.298 18 GPS 0 0 0 0 0 0 0 0 0 0 0
5.338 18 COMMANDS 0,2398,-9600
5.358 18 ATTITUDE 1.502246 0. 1.365491
5.373 18 NAVIGATION_REF 665460 5319949 32
5.438 18 ACTUATORS 1290,1787,0,1036
5.453 18 ESTIMATOR 0. 0.
5.477 18 PONG 
5.502 18 NAVIGATION 0 2 0. 0. 0. 0. 0 0
5.538 18 GPS 0 0 0 0 0 0 0 0 0 0 0
5.562 18 WP_MOVED 1 665460. 5319949. 75. 32
5.626 18 DESIRED 0. 0.14 0. 0. 0. 700. 0.
5.658 18 GPS_SOL 0 0 0 0
5.750 18 NAVIGATION 0 2 0. 0. 0. 0. 0 0
5.785 18 GPS 0 0 0 0 0 0 0 0 0 0 0
5.814 18 NAVIGATION 0 2 0. 0. 0. 0. 0 0
5.858 18 ATTITUDE 1.503168 0. 1.364737
5.953 18 ESTIMATOR 0. 0.
5.959 18 DOWNLINK_STATUS 6 2993 135 0 532. 25. 21.69
5.974 18 ENERGY 11.6 0. 0 0.
6.002 18 NAVIGATION 0 2 0. 0. 0. 0. 0 0
6.038 18 GPS 0 0 0 0 0 0 0 0 0 0 0
6.062 18 WP_MOVED 2 665509.5 5320029. 75. 32
6.073 18 DL_VALUE 7 1.
6.098 18 ALIVE 19,214,50,119,240,79,35,121,168,214,83,198,242,106,155,101
6.161 18 BAT 0 116 0 0 1 10 0 0
6.173 18 PPRZ_MODE 2 0 0 0 0 6
6.250 18 NAVIGATION 0 2 0. 0. 0. 0. 0 0
6.286 18 GPS 0 0 0 0 0 0 0 0 0 0 0
6.302 18 GYRO_RATES -285 -4.954758 0.
6.317 18 IR_SENSORS -19 298 317 279 39
6.329 18 CALIBRATION 0. 0
6.358 18 ATTITUDE 1.506208 0. 1.369017
6.453 18 ESTIMATOR 0. 0.
6.465 18 DOWNLINK 0 502 257
6.502 18 NAVIGATION 0 2 0. 0. 0. 0. 0 0
6.538 18 GPS 0 0 0 0 0 0 0 0 0 0 0
6.562 18 WP_MOVED 3 665540. 5320049. 75. 32
6.674 18 DESIRED 0. 0.16 0. 0. 0. 700. 0.
6.750 18 NAVIGATION 0 2 0. 0. 0. 0. 0 0
6.786 18 GPS 0 0 0 0 0 0 0 0 0 0 0
6.814 18 NAVIGATION 0 2 0. 0. 0. 0. 0 0
6.858 18 ATTITUDE 1.505758 0. 1.368653
6.953 18 ESTIMATOR 0. 0.
6.959 18 DOWNLINK_STATUS 7 3533 160 0 540. 25. 21.69
7.002 18 NAVIGATION 0 2 0. 0. 0. 0. 0 0
7.038 18 GPS 0 0 0 0 0 0 0 0 0 0 0
7.062 18 WP_MOVED 4 665470.125 5320139. 75. 32
7.238 18 FBW_STATUS 2 0 1 116 0
7.266 18 NAVIGATION 0 2 0. 0. 0. 0. 0 0
7.298 18 GPS 0 0 0 0 0 0 0 0 0 0 0
7.322 18 BAT 0 116 0 0 1 12 0 0
7.358 18 ATTITUDE 1.505758 0. 1.368653
7.374 18 GYRO_RATES -282 -4.902603 0.
7.454 18 ESTIMATOR 0. 0.
7.469 18 IR_SENSORS -16 297 313 281 39
7.502 18 NAVIGATION 0 2 0. 0. 0. 0. 0 0
7.534 18 GPS 0 0 0 0 0 0 0 0 0 0 0
7.562 18 WP_MOVED 5 665592.3125 5320088. 75. 32
7.573 18 DL_VALUE 8 0.
7.657 18 GPS_SOL 0 0 0 0
7.726 18 DESIRED 0. 0.13 0. 0. 0. 700. 0.
7.754 18 NAVIGATION 0 2 0. 0. 0. 0. 0 0
7.786 18 GPS 0 0 0 0 0 0 0 0 0 0 0
7.814 18 NAVIGATION 0 2 0. 0. 0. 0. 0 0
7.858 18 ATTITUDE 1.50084 0. 1.363587
7.953 18 ESTIMATOR 0. 0.
7.960 18 DOWNLINK_STATUS 8 4027 182 0 494. 22. 21.69
8.002 18 NAVIGATION 0 2 0. 0. 0. 0. 0 0
8.034 18 GPS 0 0 0 0 0 0 0 0 0 0 0
8.062 18 WP_MOVED 6 665597. 5319937.5 75. 32
8.250 18 NAVIGATION 0 2 0. 0. 0. 0. 0 0
8.285 18 GPS 0 0 0 0 0 0 0 0 0 0 0
8.358 18 ATTITUDE 1.504076 0. 1.365491
8.377 18 BAT 0 116 0 0 1 13 0 0
8.389 18 CALIBRATION 0. 0
8.453 18 ESTIMATOR 0. 0.
8.470 18 GYRO_RATES -280 -4.867832 0.
8.493 18 ENERGY 11.6 0. 0 0.
8.518 18 NAVIGATION 0 2 0. 0. 0. 0. 0 0
8.554 18 GPS 0 0 0 0 0 0 0 0 0 0 0
8.574 18 WP_MOVED 7 665340.8125 5320018.5 75. 32
8.657 18 IR_SENSORS -16 296 312 280 36
8.750 18 NAVIGATION 0 2 0. 0. 0. 0. 0 0
8.786 18 GPS 0 0 0 0 0 0 0 0 0 0 0
8.814 18 NAVIGATION 0 2 0. 0. 0. 0. 0 0
8.850 18 DESIRED 0. 0.16 0. 0. 0. 700. 0.
8.865 18 ATTITUDE 1.504389 0. 1.367548
8.953 18 ESTIMATOR 0. 0.
8.961 18 DOWNLINK_STATUS 9 4510 203 0 483. 21. 21.69
9.002 18 NAVIGATION 0 2 0. 0. 0. 0. 0 0
9.034 18 GPS 0 0 0 0 0 0 0 0 0 0 0
9.062 18 WP_MOVED 8 665734.375 5320238.5 75. 32
9.073 18 DL_VALUE 9 0.
9.237 18 FBW_STATUS 2 0 1 116 0
9.265 18 NAVIGATION 0 2 0. 0. 0. 0. 0 0
9.298 18 GPS 0 0 0 0 0 0 0 0 0 0 0
9.358 18 ATTITUDE 1.504848 0. 1.368653
9.453 18 ESTIMATOR 0. 0.
9.474 18 BAT 0 116 0 0 1 14 0 0
9.502 18 NAVIGATION 0 2 0. 0. 0. 0. 0 0
9.538 18 GPS 0 0 0 0 0 0 0 0 0 0 0
9.562 18 WP_MOVED 9 665345.5 5320111.5 75. 32
9.577 18 GYRO_RATES -283 -4.919988 0.
9.657 18 GPS_SOL 0 0 0 0
9.750 18 NAVIGATION 0 2 0. 0. 0. 0. 0 0
9.786 18 GPS 0 0 0 0 0 0 0 0 0 0 0
9.814 18 NAVIGATION 0 2 0. 0. 0. 0. 0 0
9.850 18 DESIRED 0. 0.13 0. 0. 0. 700. 0.
9.866 18 ATTITUDE 1.501312 0. 1.365491
9.885 18 IR_SENSORS -17 295 312 278 37
9.953 18 ESTIMATOR 0. 0.
9.962 18 DOWNLINK_STATUS 10 5004 225 0 494. 22. 21.69
10.002 18 NAVIGATION 0 2 0. 0. 0. 0. 0 0
10.034 18 GPS 0 0 0 0 0 0 0 0 0 0 0
10.062 18 WP_MOVED 0 665502. 5319991. 75. 32
10.250 18 NAVIGATION 0 2 0. 0. 0. 0. 0 0
10.286 18 GPS 0 0 0 0 0 0 0 0 0 0 0
10.337 18 COMMANDS 0,2369,-9600
10.358 18 ATTITUDE 1.503168 0. 1.364737
10.437 18 ACTUATORS 1290,1788,0,1037
10.453 18 ESTIMATOR 0. 0.
10.465 18 CALIBRATION 0. 0
10.477 18 PONG 
10.502 18 NAVIGATION 0 2 0. 0. 0. 0. 0 0
10.537 18 GPS 0 0 0 0 0 0 0 0 0 0 0
10.562 18 WP_MOVED 1 665460. 5319949. 75. 32
10.581 18 BAT 0 116 0 0 1 15 0 0
10.593 18 DL_VALUE 10 -0.062832
10.657 18 GYRO_RATES -280 -4.867832 0.
10.750 18 NAVIGATION 0 2 0. 0. 0. 0. 0 0
10.786 18 GPS 0 0 0 0 0 0 0 0 0 0 0
10.814 18 NAVIGATION 0 2 0. 0. 0. 0. 0 0
10.858 18 ATTITUDE 1.511495 0. 1.372513
10.894 18 DESIRED 0. 0.16 0. 0. 0. 700. 0.
10.953 18 ESTIMATOR 0. 0.
10.963 18 DOWNLINK_STATUS 11 5496 248 0 492. 23. 20.7
10.973 18 ENERGY 11.6 0. 0 0.
11.002 18 NAVIGATION 0 2 0. 0. 0. 0. 0 0
11.038 18 GPS 0 0 0 0 0 0 0 0 0 0 0
11.062 18 WP_MOVED 2 665509.5 5320029. 75. 32
11.077 18 IR_SENSORS -15 293 308 278 37
11.102 18 ALIVE 19,214,50,119,240,79,35,121,168,214,83,198,242,106,155,101
11.149 18 PPRZ_MODE 2 0 0 0 0 6
11.238 18 FBW_STATUS 2 0 1 116 0
11.266 18 NAVIGATION 0 2 0. 0. 0. 0. 0 0
11.298 18 GPS 0 0 0 0 0 0 0 0 0 0 0
11.358 18 ATTITUDE 1.513217 0. 1.374638
11.454 18 ESTIMATOR 0. 0.
11.498 18 NAVIGATION 0 2 0. 0. 0. 0. 0 0
11.534 18 GPS 0 0 0 0 0 0 0 0 0 0 0
11.562 18 WP_MOVED 3 665540. 5320049. 75. 32
11.570 18 DOWNLINK 0 497 370
11.661 18 BAT 0 116 0 0 1 16 0 0
11.677 18 GPS_SOL 0 0 0 0
11.750 18 NAVIGATION 0 2 0. 0. 0. 0. 0 0
11.786 18 GPS 0 0 0 0 0 0 0 0 0 0 0
11.814 18 NAVIGATION 0 2 0. 0. 0. 0. 0 0
11.830 18 GYRO_RATES -281 -4.885218 0.
11.846 18 WIND_INFO 18 42 0. 0. 0.
11.858 18 ATTITUDE 1.504389 0. 1.367548
11.926 18 DESIRED 0. 0.13 0. 0. 0. 700. 0.
11.954 18 ESTIMATOR 0. 0.
11.963 18 DOWNLINK_STATUS 12 6045 273 0 549. 25. 20.7
12.002 18 NAVIGATION 0 2 0. 0. 0. 0. 0 0
12.034 18 GPS 0 0 0 0 0 0 0 0 0 0 0
12.062 18 WP_MOVED 4 665470.125 5320139. 75. 32
12.073 18 DL_VALUE 11 0.087266
12.250 18 NAVIGATION 0 2 0. 0. 0. 0. 0 0
12.286 18 GPS 0 0 0 0 0 0 0 0 0 0 0
12.301 18 IR_SENSORS -15 296 311 281 39
12.358 18 ATTITUDE 1.506655 0. 1.368653
12.454 18 ESTIMATOR 0. 0.
12.502 18 NAVIGATION 0 2 0. 0. 0. 0. 0 0
12.534 18 GPS 0 0 0 0 0 0 0 0 0 0 0
12.562 18 WP_MOVED 5 665592.3125 5320088. 75. 32
12.573 18 CALIBRATION 0. 0
12.750 18 NAVIGATION 0 2 0. 0. 0. 0. 0 0
12.786 18 GPS 0 0 0 0 0 0 0 0 0 0 0
12.814 18 NAVIGATION 0 2 0. 0. 0. 0. 0 0
12.833 18 BAT 0 116 0 0 1 17 0 0
12.857 18 ATTITUDE 1.504389 0. 1.366041
12.874 18 GYRO_RATES -278 -4.833062 0.
12.953 18 ESTIMATOR 0. 0.
12.964 18 DOWNLINK_STATUS 13 6485 293 0 440. 20. 20.7
12.990 18 DESIRED 0. 0.16 0. 0. 0. 700. 0.
13.018 18 NAVIGATION 0 2 0. 0. 0. 0. 0 0
13.054 18 GPS 0 0 0 0 0 0 0 0 0 0 0
13.074 18 WP_MOVED 6 665597. 5319937.5 75. 32
13.238 18 FBW_STATUS 2 0 1 116 0
13.266 18 NAVIGATION 0 2 0. 0. 0. 0. 0 0
13.298 18 GPS 0 0 0 0 0 0 0 0 0 0 0
13.358 18 ATTITUDE 1.512362 0. 1.373938
13.453 18 ESTIMATOR 0. 0.
13.469 18 IR_SENSORS -15 292 307 277 36
13.493 18 ENERGY 11.6 0. 0 0.
13.518 18 NAVIGATION 0 2 0. 0. 0. 0. 0 0
13.553 18 GPS 0 0 0 0 0 0 0 0 0 0 0
13.574 18 WP_MOVED 7 665340.8125 5320018.5 75. 32
13.585 18 DL_VALUE 0 700.
13.657 18 GPS_SOL 0 0 0 0
13.750 18 NAVIGATION 0 2 0. 0. 0. 0. 0 0
13.786 18 GPS 0 0 0 0 0 0 0 0 0 0 0
13.814 18 NAVIGATION 0 2 0. 0. 0. 0. 0 0
13.857 18 ATTITUDE 1.514628 0. 1.37469
13.878 18 BAT 0 116 0 0 1 18 0 0
13.953 18 ESTIMATOR 0. 0.
13.965 18 DOWNLINK_STATUS 14 6983 315 0 498. 22. 20.7
13.970 18 GYRO_RATES -279 -4.850447 0.
14.002 18 NAVIGATION 0 2 0. 0. 0. 0. 0 0
14.034 18 GPS 0 0 0 0 0 0 0 0 0 0 0
14.070 18 DESIRED 0. 0.13 0. 0. 0. 700. 0.
14.090 18 WP_MOVED 8 665734.375 5320238.5 75. 32
14.250 18 NAVIGATION 0 2 0. 0. 0. 0. 0 0
14.286 18 GPS 0 0 0 0 0 0 0 0 0 0 0
14.358 18 ATTITUDE 1.505305 0. 1.368287
14.373 18 NAVIGATION_REF 665460 5319949 32
14.454 18 ESTIMATOR 0. 0.
14.498 18 NAVIGATION 0 2 0. 0. 0. 0. 0 0
14.534 18 GPS 0 0 0 0 0 0 0 0 0 0 0
14.562 18 WP_MOVED 9 665345.5 5320111.5 75. 32
14.657 18 IR_SENSORS -14 292 306 278 36
14.665 18 CALIBRATION 0. 0
14.750 18 NAVIGATION 0 2 0. 0. 0. 0. 0 0
14.786 18 GPS 0 0 0 0 0 0 0 0 0 0 0
14.814 18 NAVIGATION 0 2 0. 0. 0. 0. 0 0
14.858 18 ATTITUDE 1.504848 0. 1.366421
14.953 18 ESTIMATOR 0. 0.
14.966 18 DOWNLINK_STATUS 15 7441 335 0 458. 20. 20.7
14.973 18 BAT 0 116 0 0 1 19 0 0
15.002 18 NAVIGATION 0 2 0. 0. 0. 0. 0 0
15.038 18 GPS 0 0 0 0 0 0 0 0 0 0 0
15.062 18 WP_MOVED 0 665502. 5319991. 75. 32
15.094 18 DESIRED 0. 0.16 0. 0. 0. 700. 0.
15.114 18 GYRO_RATES -279 -4.850447 0.
15.125 18 DL_VALUE 1 0.
15.238 18 FBW_STATUS 2 0 1 116 0
15.266 18 NAVIGATION 0 2 0. 0. 0. 0. 0 0
15.298 18 GPS 0 0 0 0 0 0 0 0 0 0 0
15.337 18 COMMANDS 0,2702,-9600
15.357 18 ATTITUDE 1.505305 0. 1.366799
15.437 18 ACTUATORS 1290,1778,0,1026
15.453 18 ESTIMATOR 0. 0.
15.477 18 PONG 
15.506 18 NAVIGATION 0 2 0. 0. 0. 0. 0 0
15.538 18 GPS 0 0 0 0 0 0 0 0 0 0 0
15.562 18 WP_MOVED 1 665460. 5319949. 75. 32
15.657 18 GPS_SOL 0 0 0 0
15.751 18 NAVIGATION 0 2 0. 0. 0. 0. 0 0
15.786 18 GPS 0 0 0 0 0 0 0 0 0 0 0
15.814 18 NAVIGATION 0 2 0. 0. 0. 0. 0 0
15.858 18 ATTITUDE 1.513767 0. 1.37469
15.874 18 IR_SENSORS -14 288 302 274 33
15.953 18 ESTIMATOR 0. 0.
15.965 18 DOWNLINK_STATUS 16 7969 360 0 528. 25. 19.71
15.974 18 ENERGY 11.6 0. 0 0.
16.002 18 NAVIGATION 0 2 0. 0. 0. 0. 0 0
16.038 18 GPS 0 0 0 0 0 0 0 0 0 0 0
16.062 18 WP_MOVED 2 665509.5 5320029. 75. 32
16.082 18 BAT 0 116 0 0 1 20 0 0
16.106 18 ALIVE 19,214,50,119,240,79,35,121,168,214,83,198,242,106,155,101
16.142 18 DESIRED 0. 0.13 0. 0. 0. 700. 0.
16.157 18 GYRO_RATES -278 -4.833062 0.
16.169 18 PPRZ_MODE 2 0 0 0 0 6
16.250 18 NAVIGATION 0 2 0. 0. 0. 0. 0 0
16.286 18 GPS 0 0 0 0 0 0 0 0 0 0 0
16.358 18 ATTITUDE 1.515476 0. 1.376102
16.454 18 ESTIMATOR 0. 0.
16.502 18 NAVIGATION 0 2 0. 0. 0. 0. 0 0
16.534 18 GPS 0 0 0 0 0 0 0 0 0 0 0
16.563 18 WP_MOVED 3 665540. 5320049. 75. 32
16.574 18 DL_VALUE 2 0.
16.650 18 DOWNLINK 0 494 484
16.750 18 NAVIGATION 0 2 0. 0. 0. 0. 0 0
16.786 18 GPS 0 0 0 0 0 0 0 0 0 0 0
16.814 18 NAVIGATION 0 2 0. 0. 0. 0. 0 0
16.822 18 CALIBRATION 0. 0
16.858 18 ATTITUDE 1.514628 0. 1.376102
16.954 18 ESTIMATOR 0. 0.
16.966 18 DOWNLINK_STATUS 17 8493 384 0 524. 24. 19.71
17.002 18 NAVIGATION 0 2 0. 0. 0. 0. 0 0
17.034 18 GPS 0 0 0 0 0 0 0 0 0 0 0
17.062 18 WP_MOVED 4 665470.125 5320139. 75. 32
17.077 18 IR_SENSORS -14 291 305 277 33
17.174 18 DESIRED 0. 0.16 0. 0. 0. 700. 0.
17.197 18 BAT 0 116 0 0 1 21 0 0
17.238 18 FBW_STATUS 2 0 1 116 0
17.266 18 NAVIGATION 0 2 0. 0. 0. 0. 0 0
17.298 18 GPS 0 0 0 0 0 0 0 0 0 0 0
17.314 18 GYRO_RATES -281 -4.885218 0.
17.358 18 ATTITUDE 1.511057 0. 1.372151
17.453 18 ESTIMATOR 0. 0.
17.498 18 NAVIGATION 0 2 0. 0. 0. 0. 0 0
17.533 18 GPS 0 0 0 0 0 0 0 0 0 0 0
17.562 18 WP_MOVED 5 665592.3125 5320088. 75. 32
17.657 18 GPS_SOL 0 0 0 0
17.749 18 NAVIGATION 0 2 0. 0. 0. 0. 0 0
17.786 18 GPS 0 0 0 0 0 0 0 0 0 0 0
17.814 18 NAVIGATION 0 2 0. 0. 0. 0. 0 0
17.858 18 ATTITUDE 1.515054 0. 1.375752
17.954 18 ESTIMATOR 0. 0.
17.967 18 DOWNLINK_STATUS 18 8976 405 0 483. 21. 19.71
17.998 18 NAVIGATION 0 2 0. 0. 0. 0. 0 0
18.034 18 GPS 0 0 0 0 0 0 0 0 0 0 0
18.062 18 WP_MOVED 6 665597. 5319937.5 75. 32
18.070 18 DL_VALUE 3 0.
18.226 18 DESIRED 0. 0.13 0. 0. 0. 700. 0.
18.254 18 NAVIGATION 0 2 0. 0. 0. 0. 0 0
18.286 18 GPS 0 0 0 0 0 0 0 0 0 0 0
18.306 18 BAT 0 116 0 0 1 23 0 0
18.325 18 IR_SENSORS -14 291 305 277 34
18.358 18 ATTITUDE 1.515896 0. 1.375752
18.373 18 GYRO_RATES -280 -4.867832 0.
18.454 18 ESTIMATOR 0. 0.
18.474 18 ENERGY 11.6 0. 0 0.
18.502 18 NAVIGATION 0 2 0. 0. 0. 0. 0 0
18.538 18 GPS 0 0 0 0 0 0 0 0 0 0 0
18.562 18 WP_MOVED 7 665340.8125 5320018.5 75. 32
18.751 18 NAVIGATION 0 2 0. 0. 0. 0. 0 0
18.786 18 GPS 0 0 0 0 0 0 0 0 0 0 0
18.814 18 NAVIGATION 0 2 0. 0. 0. 0. 0 0
18.858 18 ATTITUDE 1.513767 0. 1.37469
18.870 18 CALIBRATION 0. 0
18.953 18 ESTIMATOR 0. 0.
18.968 18 DOWNLINK_STATUS 19 9470 427 0 494. 22. 19.71
19.002 18 NAVIGATION 0 2 0. 0. 0. 0. 0 0
19.034 18 GPS 0 0 0 0 0 0 0 0 0 0 0
19.062 18 WP_MOVED 8 665734.375 5320238.5 75. 32
19.238 18 FBW_STATUS 2 0 1 116 0
19.266 18 NAVIGATION 0 2 0. 0. 0. 0. 0 0
19.298 18 GPS 0 0 0 0 0 0 0 0 0 0 0
19.334 18 DESIRED 0. 0.16 0. 0. 0. 700. 0.
19.358 18 ATTITUDE 1.515476 0. 1.37469
19.378 18 BAT 0 116 0 0 1 24 0 0
19.453 18 ESTIMATOR 0. 0.
19.470 18 GYRO_RATES -277 -4.815677 0.
19.486 18 IR_SENSORS -13 287 300 274 31
19.514 18 NAVIGATION 0 2 0. 0. 0. 0. 0 0
19.550 18 GPS 0 0 0 0 0 0 0 0 0 0 0
19.570 18 WP_MOVED 9 665345.5 5320111.5 75. 32
19.582 18 DL_VALUE 4 80.
19.657 18 GPS_SOL 0 0 0 0
19.750 18 NAVIGATION 0 2 0. 0. 0. 0. 0 0
19.786 18 GPS 0 0 0 0 0 0 0 0 0 0 0
19.814 18 NAVIGATION 0 2 0. 0. 0. 0. 0 0
19.857 18 ATTITUDE 1.510172 0. 1.371419
19.953 18 ESTIMATOR 0. 0.
19.969 18 DOWNLINK_STATUS 20 9964 449 0 494. 22. 19.71
19.998 18 NAVIGATION 0 2 0. 0. 0. 0. 0 0
20.034 18 GPS 0 0 0 0 0 0 0 0 0 0 0
20.058 18 WP_MOVED 0 665502. 5319991. 75. 32
20.250 18 NAVIGATION 0 2 0. 0. 0. 0. 0 0
20.285 18 GPS 0 0 0 0 0 0 0 0 0 0 0
20.326 18 DESIRED 0. 0.13 0. 0. 0. 700. 0.
20.337 18 COMMANDS 0,2917,-9600
20.357 18 ATTITUDE 1.522179 0. 1.381574
20.438 18 ACTUATORS 1290,1752,0,1000
20.454 18 ESTIMATOR 0. 0.
20.473 18 BAT 0 116 0 0 1 25 0 0
20.502 18 NAVIGATION 0 2 0. 0. 0. 0. 0 0
20.505 18 PONG 
20.542 18 GPS 0 0 0 0 0 0 0 0 0 0 0
20.562 18 WP_MOVED 1 665460. 5319949. 75. 32
20.581 18 GYRO_RATES -278 -4.833062 0.
20.654 18 IR_SENSORS -12 286 298 274 31
20.750 18 NAVIGATION 0 2 0. 0. 0. 0. 0 0
20.786 18 GPS 0 0 0 0 0 0 0 0 0 0 0
20.814 18 NAVIGATION 0 2 0. 0. 0. 0. 0 0
20.858 18 ATTITUDE 1.513767 0. 1.373241
20.954 18 ESTIMATOR 0. 0.
20.965 18 CALIBRATION 0. 0
20.970 18 DOWNLINK_STATUS 21 10461 472 0 497. 23. 46.9
20.986 18 ENERGY 11.6 0. 0 0.
21.014 18 NAVIGATION 0 2 0. 0. 0. 0. 0 0
21.046 18 GPS 0 0 0 0 0 0 0 0 0 0 0
21.070 18 WP_MOVED 2 665509.5 5320029. 75. 32
21.081 18 DL_VALUE 5 2.
21.106 18 ALIVE 19,214,50,119,240,79,35,121,168,214,83,198,242,106,155,101
21.150 18 PPRZ_MODE 2 0 0 0 0 6
21.238 18 FBW_STATUS 2 0 1 116 0
21.266 18 NAVIGATION 0 2 0. 0. 0. 0. 0 0
21.298 18 GPS 0 0 0 0 0 0 0 0 0 0 0
21.358 18 ATTITUDE 1.514199 0. 1.374331
21.394 18 DESIRED 0. 0.16 0. 0. 0. 700. 0.
21.454 18 ESTIMATOR 0. 0.
21.498 18 NAVIGATION 0 2 0. 0. 0. 0. 0 0
21.534 18 GPS 0 0 0 0 0 0 0 0 0 0 0
21.562 18 WP_MOVED 3 665540. 5320049. 75. 32
21.581 18 BAT 0 116 0 0 1 26 0 0
21.654 18 GYRO_RATES -276 -4.798292 0.
21.674 18 GPS_SOL 0 0 0 0
21.750 18 NAVIGATION 0 2 0. 0. 0. 0. 0 0
21.786 18 GPS 0 0 0 0 0 0 0 0 0 0 0
21.810 18 NAVIGATION 0 2 0. 0. 0. 0. 0 0
21.822 18 DOWNLINK 0 511 601
21.847 18 WIND_INFO 18 42 0. 0. 0.
21.858 18 ATTITUDE 1.520969 0. 1.379876
21.873 18 IR_SENSORS -12 286 298 274 31
21.954 18 ESTIMATOR 0. 0.
21.970 18 DOWNLINK_STATUS 22 11021 498 0 560. 26. 46.9
21.998 18 NAVIGATION 0 2 0. 0. 0. 0. 0 0
22.034 18 GPS 0 0 0 0 0 0 0 0 0 0 0
22.062 18 WP_MOVED 4 665470.125 5320139. 75. 32
22.249 18 NAVIGATION 0 2 0. 0. 0. 0. 0 0
22.286 18 GPS 0 0 0 0 0 0 0 0 0 0 0
22.358 18 ATTITUDE 1.521778 0. 1.381239
22.426 18 DESIRED 0. 0.13 0. 0. 0. 700. 0.
22.454 18 ESTIMATOR 0. 0.
22.498 18 NAVIGATION 0 2 0. 0. 0. 0. 0 0
22.534 18 GPS 0 0 0 0 0 0 0 0 0 0 0
22.562 18 WP_MOVED 5 665592.3125 5320088. 75. 32
22.569 18 DL_VALUE 6 0.
22.662 18 BAT 0 116 0 0 1 27 0 0
22.750 18 NAVIGATION 0 2 0. 0. 0. 0. 0 0
22.786 18 GPS 0 0 0 0 0 0 0 0 0 0 0
22.814 18 NAVIGATION 0 2 0. 0. 0. 0. 0 0
22.829 18 GYRO_RATES -276 -4.798292 0.
22.857 18 ATTITUDE 1.520969 0. 1.381239
22.953 18 ESTIMATOR 0. 0.
22.971 18 DOWNLINK_STATUS 23 11468 517 0 447. 19. 46.9
23.002 18 NAVIGATION 0 2 0. 0. 0. 0. 0 0
23.034 18 GPS 0 0 0 0 0 0 0 0 0 0 0
23.061 18 WP_MOVED 6 665597. 5319937.5 75. 32
23.077 18 IR_SENSORS -12 286 298 274 30
23.089 18 CALIBRATION 0. 0
23.237 18 FBW_STATUS 2 0 1 116 0
23.266 18 NAVIGATION 0 2 0. 0. 0. 0. 0 0
23.298 18 GPS 0 0 0 0 0 0 0 0 0 0 0
23.358 18 ATTITUDE 1.520969 0. 1.379876
23.373 18 NAVIGATION_REF 665460 5319949 32
23.454 18 ESTIMATOR 0. 0.
23.490 18 DESIRED 0. 0.16 0. 0. 0. 700. 0.
23.510 18 ENERGY 11.6 0. 0 0.
23.538 18 NAVIGATION 0 2 0. 0. 0. 0. 0 0
23.574 18 GPS 0 0 0 0 0 0 0 0 0 0 0
23.594 18 WP_MOVED 7 665340.8125 5320018.5 75. 32
23.658 18 GPS_SOL 0 0 0 0
23.750 18 NAVIGATION 0 2 0. 0. 0. 0. 0 0
23.786 18 GPS 0 0 0 0 0 0 0 0 0 0 0
23.814 18 NAVIGATION 0 2 0. 0. 0. 0. 0 0
23.833 18 BAT 0 116 0 0 1 28 0 0
23.858 18 ATTITUDE 1.520559 0. 1.38022
23.874 18 GYRO_RATES -275 -4.780907 0.
23.954 18 ESTIMATOR 0. 0.
23.972 18 DOWNLINK_STATUS 24 11997 541 0 529. 24. 46.9
23.998 18 NAVIGATION 0 2 0. 0. 0. 0. 0 0
24.034 18 GPS 0 0 0 0 0 0 0 0 0 0 0
24.062 18 WP_MOVED 8 665734.375 5320238.5 75. 32
24.069 18 DL_VALUE 7 1.
24.250 18 NAVIGATION 0 2 0. 0. 0. 0. 0 0
24.286 18 GPS 0 0 0 0 0 0 0 0 0 0 0
24.301 18 IR_SENSORS -12 286 298 274 30
24.358 18 ATTITUDE 1.522179 0. 1.380902
24.454 18 ESTIMATOR 0. 0.
24.498 18 NAVIGATION 0 2 0. 0. 0. 0. 0 0
24.534 18 GPS 0 0 0 0 0 0 0 0 0 0 0
24.570 18 DESIRED 0. 0.13 0. 0. 0. 700. 0.
24.590 18 WP_MOVED 9 665345.5 5320111.5 75. 32
24.750 18 NAVIGATION 0 2 0. 0. 0. 0. 0 0
24.786 18 GPS 0 0 0 0 0 0 0 0 0 0 0
24.814 18 NAVIGATION 0 2 0. 0. 0. 0. 0 0
24.857 18 ATTITUDE 1.523778 0. 1.383197
24.878 18 BAT 0 116 0 0 1 29 0 0
24.953 18 ESTIMATOR 0. 0.
24.969 18 GYRO_RATES -274 -4.763522 0.
24.973 18 DOWNLINK_STATUS 25 12460 561 0 463. 20. 46.9
24.998 18 NAVIGATION 0 2 0. 0. 0. 0. 0 0
25.034 18 GPS 0 0 0 0 0 0 0 0 0 0 0
25.062 18 WP_MOVED 0 665502. 5319991. 75. 32
25.149 18 CALIBRATION 0. 0
25.238 18 FBW_STATUS 2 0 1 116 0
25.266 18 NAVIGATION 0 2 0. 0. 0. 0. 0 0
25.298 18 GPS 0 0 0 0 0 0 0 0 0 0 0
25.337 18 COMMANDS 0,3368,-9600
25.357 18 ATTITUDE 1.521375 0. 1.380902
25.437 18 ACTUATORS 1290,1740,0,1000
25.453 18 ESTIMATOR 0. 0.
25.469 18 IR_SENSORS -14 285 299 271 31
25.498 18 NAVIGATION 0 2 0. 0. 0. 0. 0 0
25.505 18 PONG 
25.542 18 GPS 0 0 0 0 0 0 0 0 0 0 0
25.562 18 WP_MOVED 1 665460. 5319949. 75. 32
25.598 18 DESIRED 0. 0.16 0. 0. 0. 700. 0.
25.609 18 DL_VALUE 8 0.
25.657 18 GPS_SOL 0 0 0 0
25.750 18 NAVIGATION 0 2 0. 0. 0. 0. 0 0
25.786 18 GPS 0 0 0 0 0 0 0 0 0 0 0
25.810 18 NAVIGATION 0 2 0. 0. 0. 0. 0 0
25.858 18 ATTITUDE 1.524177 0. 1.382861
25.953 18 ESTIMATOR 0. 0.
26.005 18 BAT 0 116 0 0 1 30 0 0
26.005 18 DOWNLINK_STATUS 26 12983 586 0 523. 25. 45.86
26.005 18 ENERGY 11.6 0. 0 0.
26.021 18 NAVIGATION 0 2 0. 0. 0. 0. 0 0
26.058 18 GPS 0 0 0 0 0 0 0 0 0 0 0
26.078 18 WP_MOVED 2 665509.5 5320029. 75. 32
26.093 18 GYRO_RATES -277 -4.815677 0.
26.118 18 ALIVE 19,214,50,119,240,79,35,121,168,214,83,198,242,106,155,101
26.150 18 PPRZ_MODE 2 0 0 0 0 6
26.250 18 NAVIGATION 0 2 0. 0. 0. 0. 0 0
26.286 18 GPS 0 0 0 0 0 0 0 0 0 0 0
26.358 18 ATTITUDE 1.520559 0. 1.38022
26.453 18 ESTIMATOR 0. 0.
26.502 18 NAVIGATION 0 2 0. 0. 0. 0. 0 0
26.534 18 GPS 0 0 0 0 0 0 0 0 0 0 0
26.558 18 WP_MOVED 3 665540. 5320049. 75. 32
26.626 18 DESIRED 0. 0.13 0. 0. 0. 700. 0.
26.653 18 IR_SENSORS -14 286 300 272 31
26.750 18 NAVIGATION 0 2 0. 0. 0. 0. 0 0
26.786 18 GPS 0 0 0 0 0 0 0 0 0 0 0
26.810 18 NAVIGATION 0 2 0. 0. 0. 0. 0 0
26.857 18 ATTITUDE 1.524177 0. 1.382861
26.869 18 DOWNLINK 0 489 713
26.954 18 ESTIMATOR 0. 0.
26.974 18 DOWNLINK_STATUS 27 13481 608 0 498. 22. 45.86
26.998 18 NAVIGATION 0 2 0. 0. 0. 0. 0 0
27.034 18 GPS 0 0 0 0 0 0 0 0 0 0 0
27.062 18 WP_MOVED 4 665470.125 5320139. 75. 32
27.081 18 BAT 0 116 0 0 1 31 0 0
27.094 18 DL_VALUE 9 0.
27.158 18 GYRO_RATES -279 -4.850447 0.
27.238 18 FBW_STATUS 2 0 1 116 0
27.266 18 NAVIGATION 0 2 0. 0. 0. 0. 0 0
27.298 18 GPS 0 0 0 0 0 0 0 0 0 0 0
27.309 18 CALIBRATION 0. 0
27.358 18 ATTITUDE 1.521375 0. 1.380902
27.454 18 ESTIMATOR 0. 0.
27.498 18 NAVIGATION 0 2 0. 0. 0. 0. 0 0
27.534 18 GPS 0 0 0 0 0 0 0 0 0 0 0
27.562 18 WP_MOVED 5 665592.3125 5320088. 75. 32
27.674 18 DESIRED 0. 0.16 0. 0. 0. 700. 0.
27.693 18 GPS_SOL 0 0 0 0
27.750 18 NAVIGATION 0 2 0. 0. 0. 0. 0 0
27.786 18 GPS 0 0 0 0 0 0 0 0 0 0 0
27.814 18 NAVIGATION 0 2 0. 0. 0. 0. 0 0
27.857 18 ATTITUDE 1.519732 0. 1.38022
27.873 18 IR_SENSORS -14 285 299 271 31
27.953 18 ESTIMATOR 0. 0.
27.974 18 DOWNLINK_STATUS 28 13986 631 0 505. 23. 45.86
27.998 18 NAVIGATION 0 2 0. 0. 0. 0. 0 0
28.034 18 GPS 0 0 0 0 0 0 0 0 0 0 0
28.062 18 WP_MOVED 6 665597. 5319937.5 75. 32
28.162 18 BAT 0 116 0 0 1 32 0 0
28.250 18 NAVIGATION 0 2 0. 0. 0. 0. 0 0
28.286 18 GPS 0 0 0 0 0 0 0 0 0 0 0
28.301 18 GYRO_RATES -275 -4.780907 0.
28.358 18 ATTITUDE 1.524574 0. 1.383861
28.454 18 ESTIMATOR 0. 0.
28.474 18 ENERGY 11.6 0. 0 0.
28.502 18 NAVIGATION 0 2 0. 0. 0. 0. 0 0
28.538 18 GPS 0 0 0 0 0 0 0 0 0 0 0
28.562 18 WP_MOVED 7 665340.8125 5320018.5 75. 32
28.570 18 DL_VALUE 10 -0.062832
28.726 18 DESIRED 0. 0.13 0. 0. 0. 700. 0.
28.754 18 NAVIGATION 0 2 0. 0. 0. 0. 0 0
28.786 18 GPS 0 0 0 0 0 0 0 0 0 0 0
28.814 18 NAVIGATION 0 2 0. 0. 0. 0. 0 0
28.858 18 ATTITUDE 1.519732 0. 1.379529
28.954 18 ESTIMATOR 0. 0.
28.974 18 DOWNLINK_STATUS 29 14453 651 0 467. 20. 45.86
28.998 18 NAVIGATION 0 2 0. 0. 0. 0. 0 0
29.034 18 GPS 0 0 0 0 0 0 0 0 0 0 0
29.062 18 WP_MOVED 8 665734.375 5320238.5 75. 32
29.077 18 IR_SENSORS -15 288 303 273 31
29.238 18 FBW_STATUS 2 0 1 116 0
29.266 18 NAVIGATION 0 2 0. 0. 0. 0. 0 0
29.298 18 GPS 0 0 0 0 0 0 0 0 0 0 0
29.318 18 BAT 0 116 0 0 1 34 0 0
29.358 18 ATTITUDE 1.520147 0. 1.379876
29.374 18 GYRO_RATES -275 -4.780907 0.
29.385 18 CALIBRATION 0. 0
29.454 18 ESTIMATOR 0. 0.
29.498 18 NAVIGATION 0 2 0. 0. 0. 0. 0 0
29.534 18 GPS 0 0 0 0 0 0 0 0 0 0 0
29.558 18 WP_MOVED 9 665345.5 5320111.5 75. 32
29.658 18 GPS_SOL 0 0 0 0
29.749 18 NAVIGATION 0 2 0. 0. 0. 0. 0 0
29.786 18 GPS 0 0 0 0 0 0 0 0 0 0 0
29.810 18 NAVIGATION 0 2 0. 0. 0. 0. 0 0
29.846 18 DESIRED 0. 0.16 0. 0. 0. 700. 0.
29.866 18 ATTITUDE 1.524574 0. 1.383197
29.954 18 ESTIMATOR 0. 0.
29.974 18 DOWNLINK_STATUS 30 14947 673 0 494. 22. 45.86
29.998 18 NAVIGATION 0 2 0. 0. 0. 0. 0 0
30.034 18 GPS 0 0 0 0 0 0 0 0 0 0 0
30.062 18 WP_MOVED 0 665502. 5319991. 75. 32
30.070 18 DL_VALUE 11 0.087266
30.250 18 NAVIGATION 0 2 0. 0. 0. 0. 0 0
30.282 18 GPS 0 0 0 0 0 0 0 0 0 0 0
30.301 18 IR_SENSORS -14 288 302 274 31
30.334 18 COMMANDS 0,3540,-9600
30.358 18 ATTITUDE 1.520969 0. 1.381239
30.377 18 BAT 0 116 0 0 1 35 0 0
30.437 18 ACTUATORS 1290,1733,0,1000
30.453 18 ESTIMATOR 0. 0.
30.469 18 GYRO_RATES -277 -4.815677 0.
30.498 18 NAVIGATION 0 2 0. 0. 0. 0. 0 0
30.505 18 PONG 
30.538 18 GPS 0 0 0 0 0 0 0 0 0 0 0
30.562 18 WP_MOVED 1 665460. 5319949. 75. 32
30.750 18 NAVIGATION 0 2 0. 0. 0. 0. 0 0
30.782 18 GPS 0 0 0 0 0 0 0 0 0 0 0
30.810 18 NAVIGATION 0 2 0. 0. 0. 0. 0 0
30.846 18 DESIRED 0. 0.13 0. 0. 0. 700. 0.
30.866 18 ATTITUDE 1.520559 0. 1.381574
30.954 18 ESTIMATOR 0. 0.
30.973 18 ENERGY 11.6 0. 0 0.
30.974 18 DOWNLINK_STATUS 31 15464 697 0 517. 24. 44.84
31.002 18 NAVIGATION 0 2 0. 0. 0. 0. 0 0
31.034 18 GPS 0 0 0 0 0 0 0 0 0 0 0
31.058 18 WP_MOVED 2 665509.5 5320029. 75. 32
31.082 18 ALIVE 19,214,50,119,240,79,35,121,168,214,83,198,242,106,155,101
31.150 18 PPRZ_MODE 2 0 0 0 0 6
31.238 18 FBW_STATUS 2 0 1 116 0
31.266 18 NAVIGATION 0 2 0. 0. 0. 0. 0 0
31.298 18 GPS 0 0 0 0 0 0 0 0 0 0 0
31.358 18 ATTITUDE 1.520147 0. 1.380562
31.453 18 ESTIMATOR 0. 0.
31.474 18 BAT 0 116 0 0 1 36 0 0
31.489 18 IR_SENSORS -13 287 300 274 31
31.501 18 CALIBRATION 0. 0
31.530 18 NAVIGATION 0 2 0. 0. 0. 0. 0 0
31.562 18 GPS 0 0 0 0 0 0 0 0 0 0 0
31.586 18 WP_MOVED 3 665540. 5320049. 75. 32
31.601 18 GYRO_RATES -282 -4.902603 0.
31.613 18 DL_VALUE 0 700.
31.657 18 GPS_SOL 0 0 0 0
31.751 18 NAVIGATION 0 2 0. 0. 0. 0. 0 0
31.786 18 GPS 0 0 0 0 0 0 0 0 0 0 0
31.810 18 NAVIGATION 0 2 0. 0. 0. 0. 0 0
31.847 18 WIND_INFO 18 42 0. 0. 0.
31.857 18 ATTITUDE 1.520147 0. 1.379876
31.894 18 DESIRED 0. 0.16 0. 0. 0. 700. 0.
31.954 18 ESTIMATOR 0. 0.
31.965 18 DOWNLINK 0 499 829
31.975 18 DOWNLINK_STATUS 32 16015 723 0 551. 26. 44.84
31.998 18 NAVIGATION 0 2 0. 0. 0. 0. 0 0
32.034 18 GPS 0 0 0 0 0 0 0 0 0 0 0
32.062 18 WP_MOVED 4 665470.125 5320139. 75. 32
32.250 18 NAVIGATION 0 2 0. 0. 0. 0. 0 0
32.286 18 GPS 0 0 0 0 0 0 0 0 0 0 0
32.358 18 ATTITUDE 1.525745 0. 1.384842
32.373 18 NAVIGATION_REF 665460 5319949 32
32.453 18 ESTIMATOR 0. 0.
32.502 18 NAVIGATION 0 2 0. 0. 0. 0. 0 0
32.534 18 GPS 0 0 0 0 0 0 0 0 0 0 0
32.558 18 WP_MOVED 5 665592.3125 5320088. 75. 32
32.582 18 BAT 0 116 0 0 1 37 0 0
32.654 18 GYRO_RATES -278 -4.833062 0.
32.673 18 IR_SENSORS -16 286 302 270 31
32.750 18 NAVIGATION 0 2 0. 0. 0. 0. 0 0
32.786 18 GPS 0 0 0 0 0 0 0 0 0 0 0
32.810 18 NAVIGATION 0 2 0. 0. 0. 0. 0 0
32.857 18 ATTITUDE 1.519732 0. 1.38022
32.926 18 DESIRED 0. 0.13 0. 0. 0. 700. 0.
32.953 18 ESTIMATOR 0. 0.
32.976 18 DOWNLINK_STATUS 33 16482 743 0 467. 20. 44.84
32.998 18 NAVIGATION 0 2 0. 0. 0. 0. 0 0
33.034 18 GPS 0 0 0 0 0 0 0 0 0 0 0
33.058 18 WP_MOVED 6 665597. 5319937.5 75. 32
33.069 18 DL_VALUE 1 0.
33.238 18 FBW_STATUS 2 0 1 116 0
33.266 18 NAVIGATION 0 2 0. 0. 0. 0. 0 0
33.298 18 GPS 0 0 0 0 0 0 0 0 0 0 0
33.358 18 ATTITUDE 1.520559 0. 1.382238
33.453 18 ESTIMATOR 0. 0.
33.474 18 ENERGY 11.6 0. 0 0.
33.502 18 NAVIGATION 0 2 0. 0. 0. 0. 0 0
33.537 18 GPS 0 0 0 0 0 0 0 0 0 0 0
33.558 18 WP_MOVED 7 665340.8125 5320018.5 75. 32
33.569 18 CALIBRATION 0. 0
33.658 18 BAT 0 116 0 0 1 38 0 0
33.677 18 GPS_SOL 0 0 0 0
33.750 18 NAVIGATION 0 2 0. 0. 0. 0. 0 0
33.786 18 GPS 0 0 0 0 0 0 0 0 0 0 0
33.810 18 NAVIGATION 0 2 0. 0. 0. 0. 0 0
33.830 18 GYRO_RATES -280 -4.867832 0.
33.857 18 ATTITUDE 1.523376 0. 1.38353
33.873 18 IR_SENSORS -14 285 299 271 30
33.953 18 ESTIMATOR 0. 0.
33.977 18 DOWNLINK_STATUS 34 16973 766 0 491. 23. 44.84
33.990 18 DESIRED 0. 0.16 0. 0. 0. 700. 0.
34.018 18 NAVIGATION 0 2 0. 0. 0. 0. 0 0
34.050 18 GPS 0 0 0 0 0 0 0 0 0 0 0
34.070 18 WP_MOVED 8 665734.375 5320238.5 75. 32
34.250 18 NAVIGATION 0 2 0. 0. 0. 0. 0 0
34.282 18 GPS 0 0 0 0 0 0 0 0 0 0 0
34.358 18 ATTITUDE 1.514628 0. 1.375401
34.454 18 ESTIMATOR 0. 0.
34.498 18 NAVIGATION 0 2 0. 0. 0. 0. 0 0
34.534 18 GPS 0 0 0 0 0 0 0 0 0 0 0
34.562 18 WP_MOVED 9 665345.5 5320111.5 75. 32
34.569 18 DL_VALUE 2 0.
34.750 18 NAVIGATION 0 2 0. 0. 0. 0. 0 0
34.782 18 GPS 0 0 0 0 0 0 0 0 0 0 0
34.810 18 NAVIGATION 0 2 0. 0. 0. 0. 0 0
34.830 18 BAT 0 116 0 0 1 39 0 0
34.857 18 ATTITUDE 1.524177 0. 1.38353
34.874 18 GYRO_RATES -280 -4.867832 0.
34.953 18 ESTIMATOR 0. 0.
34.978 18 DOWNLINK_STATUS 35 17420 785 0 447. 19. 44.84
34.998 18 NAVIGATION 0 2 0. 0. 0. 0. 0 0
35.034 18 GPS 0 0 0 0 0 0 0 0 0 0 0
35.070 18 DESIRED 0. 0.13 0. 0. 0. 700. 0.
35.090 18 WP_MOVED 0 665502. 5319991. 75. 32
35.105 18 IR_SENSORS -14 287 301 273 31
35.239 18 FBW_STATUS 2 0 1 116 0
35.265 18 NAVIGATION 0 2 0. 0. 0. 0. 0 0
35.298 18 GPS 0 0 0 0 0 0 0 0 0 0 0
35.334 18 COMMANDS 0,4040,-9600
35.358 18 ATTITUDE 1.512454 0. 1.374331
35.437 18 ACTUATORS 1290,1725,0,1000
35.453 18 ESTIMATOR 0. 0.
35.498 18 NAVIGATION 0 2 0. 0. 0. 0. 0 0
35.505 18 PONG 
35.538 18 GPS 0 0 0 0 0 0 0 0 0 0 0
35.562 18 WP_MOVED 1 665460. 5319949. 75. 32
35.657 18 GPS_SOL 0 0 0 0
35.665 18 CALIBRATION 0. 0
35.751 18 NAVIGATION 0 2 0. 0. 0. 0. 0 0
35.782 18 GPS 0 0 0 0 0 0 0 0 0 0 0
35.810 18 NAVIGATION 0 2 0. 0. 0. 0. 0 0
35.858 18 ATTITUDE 1.520147 0. 1.382567
35.877 18 BAT 0 116 0 0 1 40 0 0
35.953 18 ESTIMATOR 0. 0.
35.969 18 GYRO_RATES -281 -4.885218 0.
35.978 18 DOWNLINK_STATUS 36 17948 810 0 528. 25. 44.72
35.990 18 ENERGY 11.6 0. 0 0.
36.018 18 NAVIGATION 0 2 0. 0. 0. 0. 0 0
36.054 18 GPS 0 0 0 0 0 0 0 0 0 0 0
36.074 18 WP_MOVED 2 665509.5 5320029. 75. 32
36.110 18 DESIRED 0. 0.16 0. 0. 0. 700. 0.
36.121 18 DL_VALUE 3 0.
36.146 18 ALIVE 19,214,50,119,240,79,35,121,168,214,83,198,242,106,155,101
36.157 18 PPRZ_MODE 2 0 0 0 0 6
36.250 18 NAVIGATION 0 2 0. 0. 0. 0. 0 0
36.286 18 GPS 0 0 0 0 0 0 0 0 0 0 0
36.301 18 IR_SENSORS -14 288 302 274 31
36.359 18 ATTITUDE 1.514628 0. 1.376794
36.454 18 ESTIMATOR 0. 0.
36.498 18 NAVIGATION 0 2 0. 0. 0. 0. 0 0
36.534 18 GPS 0 0 0 0 0 0 0 0 0 0 0
36.558 18 WP_MOVED 3 665540. 5320049. 75. 32
36.750 18 NAVIGATION 0 2 0. 0. 0. 0. 0 0
36.786 18 GPS 0 0 0 0 0 0 0 0 0 0 0
36.810 18 NAVIGATION 0 2 0. 0. 0. 0. 0 0
36.858 18 ATTITUDE 1.508362 0. 1.371419
36.954 18 ESTIMATOR 0. 0.
36.973 18 BAT 0 116 0 0 1 41 0 0
36.978 18 DOWNLINK_STATUS 37 18450 832 0 502. 22. 44.72
37.002 18 NAVIGATION 0 2 0. 0. 0. 0. 0 0
37.038 18 GPS 0 0 0 0 0 0 0 0 0 0 0
37.062 18 WP_MOVED 4 665470.125 5320139. 75. 32
37.077 18 GYRO_RATES -281 -4.885218 0.
37.085 18 DOWNLINK 0 498 943
37.126 18 DESIRED 0. 0.13 0. 0. 0. 700. 0.
37.238 18 FBW_STATUS 2 0 1 116 0
37.262 18 NAVIGATION 0 2 0. 0. 0. 0. 0 0
37.298 18 GPS 0 0 0 0 0 0 0 0 0 0 0
37.358 18 ATTITUDE 1.521375 0. 1.381574
37.454 18 ESTIMATOR 0. 0.
37.469 18 IR_SENSORS -17 288 305 271 31
37.498 18 NAVIGATION 0 2 0. 0. 0. 0. 0 0
37.534 18 GPS 0 0 0 0 0 0 0 0 0 0 0
37.558 18 WP_MOVED 5 665592.3125 5320088. 75. 32
37.570 18 DL_VALUE 4 80.
37.657 18 GPS_SOL 0 0 0 0
37.750 18 NAVIGATION 0 2 0. 0. 0. 0. 0 0
37.786 18 GPS 0 0 0 0 0 0 0 0 0 0 0
37.810 18 NAVIGATION 0 2 0. 0. 0. 0. 0 0
37.822 18 CALIBRATION 0. 0
37.858 18 ATTITUDE 1.511562 0. 1.375752
37.954 18 ESTIMATOR 0. 0.
37.978 18 DOWNLINK_STATUS 38 18946 855 0 496. 23. 44.72
37.998 18 NAVIGATION 0 2 0. 0. 0. 0. 0 0
38.034 18 GPS 0 0 0 0 0 0 0 0 0 0 0
38.058 18 WP_MOVED 6 665597. 5319937.5 75. 32
38.082 18 BAT 0 116 0 0 1 42 0 0
38.174 18 DESIRED 0. 0.16 0. 0. 0. 700. 0.
38.194 18 GYRO_RATES -285 -4.954758 0.
38.250 18 NAVIGATION 0 2 0. 0. 0. 0. 0 0
38.286 18 GPS 0 0 0 0 0 0 0 0 0 0 0
38.358 18 ATTITUDE 1.512895 0. 1.377478
38.453 18 ESTIMATOR 0. 0.
38.474 18 ENERGY 11.6 0. 0 0.
38.502 18 NAVIGATION 0 2 0. 0. 0. 0. 0 0
38.534 18 GPS 0 0 0 0 0 0 0 0 0 0 0
38.558 18 WP_MOVED 7 665340.8125 5320018.5 75. 32
38.654 18 IR_SENSORS -17 289 306 272 34
38.750 18 NAVIGATION 0 2 0. 0. 0. 0. 0 0
38.786 18 GPS 0 0 0 0 0 0 0 0 0 0 0
38.814 18 NAVIGATION 0 2 0. 0. 0. 0. 0 0
38.858 18 ATTITUDE 1.50299 0. 1.367175
38.953 18 ESTIMATOR 0. 0.
38.978 18 DOWNLINK_STATUS 39 19418 875 0 472. 20. 44.72
38.998 18 NAVIGATION 0 2 0. 0. 0. 0. 0 0
39.034 18 GPS 0 0 0 0 0 0 0 0 0 0 0
39.058 18 WP_MOVED 8 665734.375 5320238.5 75. 32
39.069 18 DL_VALUE 5 2.
39.158 18 BAT 0 116 0 0 1 43 0 0
39.226 18 DESIRED 0. 0.13 0. 0. 0. 700. 0.
39.240 18 FBW_STATUS 2 0 1 116 0
39.266 18 NAVIGATION 0 2 0. 0. 0. 0. 0 0
39.302 18 GPS 0 0 0 0 0 0 0 0 0 0 0
39.317 18 GYRO_RATES -281 -4.885218 0.
39.358 18 ATTITUDE 1.511057 0. 1.374289
39.454 18 ESTIMATOR 0. 0.
39.498 18 NAVIGATION 0 2 0. 0. 0. 0. 0 0
39.534 18 GPS 0 0 0 0 0 0 0 0 0 0 0
39.558 18 WP_MOVED 9 665345.5 5320111.5 75. 32
39.658 18 GPS_SOL 0 0 0 0
39.750 18 NAVIGATION 0 2 0. 0. 0. 0. 0 0
39.786 18 GPS 0 0 0 0 0 0 0 0 0 0 0
39.810 18 NAVIGATION 0 2 0. 0. 0. 0. 0 0
39.857 18 ATTITUDE 1.508819 0. 1.372513
39.873 18 IR_SENSORS -17 288 305 271 34
39.885 18 CALIBRATION 0. 0
39.953 18 ESTIMATOR 0. 0.
39.979 18 DOWNLINK_STATUS 40 19923 898 0 505. 23. 44.72
40.002 18 NAVIGATION 0 2 0. 0. 0. 0. 0 0
40.034 18 GPS 0 0 0 0 0 0 0 0 0 0 0
40.066 18 WP_MOVED 0 665502. 5319991. 75. 32
40.250 18 NAVIGATION 0 2 0. 0. 0. 0. 0 0
40.286 18 GPS 0 0 0 0 0 0 0 0 0 0 0
40.318 18 DESIRED 0. 0.16 0. 0. 0. 700. 0.
40.342 18 BAT 0 116 0 0 1 45 0 0
40.353 18 COMMANDS 0,4119,-9600
40.374 18 ATTITUDE 1.511057 0. 1.376347
40.389 18 GYRO_RATES -288 -5.006913 0.
40.437 18 ACTUATORS 1290,1720,0,1000
40.453 18 ESTIMATOR 0. 0.
40.498 18 NAVIGATION 0 2 0. 0. 0. 0. 0 0
40.505 18 PONG 
40.538 18 GPS 0 0 0 0 0 0 0 0 0 0 0
40.562 18 WP_MOVED 1 665460. 5319949. 75. 32
40.573 18 DL_VALUE 6 0.
40.750 18 NAVIGATION 0 2 0. 0. 0. 0. 0 0
40.786 18 GPS 0 0 0 0 0 0 0 0 0 0 0
40.810 18 NAVIGATION 0 2 0. 0. 0. 0. 0 0
40.858 18 ATTITUDE 1.491216 0. 1.359959
40.954 18 ESTIMATOR 0. 0.
40.973 18 ENERGY 11.6 0. 0 0.
40.980 18 DOWNLINK_STATUS 41 20424 921 0 501. 23. 43.75
41.002 18 NAVIGATION 0 2 0. 0. 0. 0. 0 0
41.034 18 GPS 0 0 0 0 0 0 0 0 0 0 0
41.058 18 WP_MOVED 2 665509.5 5320029. 75. 32
41.077 18 IR_SENSORS -20 293 313 273 34
41.102 18 ALIVE 19,214,50,119,240,79,35,121,168,214,83,198,242,106,155,101
41.150 18 PPRZ_MODE 2 0 0 0 0 6
41.242 18 FBW_STATUS 2 0 1 116 0
41.262 18 NAVIGATION 0 2 0. 0. 0. 0. 0 0
41.298 18 GPS 0 0 0 0 0 0 0 0 0 0 0
41.334 18 DESIRED 0. 0.13 0. 0. 0. 700. 0.
41.358 18 ATTITUDE 1.500365 0. 1.366972
41.377 18 BAT 0 116 0 0 1 46 0 0
41.393 18 NAVIGATION_REF 665460 5319949 32
41.453 18 ESTIMATOR 0. 0.
41.469 18 GYRO_RATES -290 -5.041684 0.
41.502 18 NAVIGATION 0 2 0. 0. 0. 0. 0 0
41.534 18 GPS 0 0 0 0 0 0 0 0 0 0 0
41.558 18 WP_MOVED 3 665540. 5320049. 75. 32
41.657 18 GPS_SOL 0 0 0 0
41.750 18 NAVIGATION 0 2 0. 0. 0. 0. 0 0
41.786 18 GPS 0 0 0 0 0 0 0 0 0 0 0
41.810 18 NAVIGATION 0 2 0. 0. 0. 0. 0 0
41.848 18 WIND_INFO 18 42 0. 0. 0.
41.857 18 ATTITUDE 1.50084 0. 1.367336
41.954 18 ESTIMATOR 0. 0.
41.961 18 CALIBRATION 0. 0
41.981 18 DOWNLINK_STATUS 42 20968 946 0 544. 25. 43.75
41.998 18 NAVIGATION 0 2 0. 0. 0. 0. 0 0
42.034 18 GPS 0 0 0 0 0 0 0 0 0 0 0
42.058 18 WP_MOVED 4 665470.125 5320139. 75. 32
42.069 18 DL_VALUE 7 1.
42.150 18 DOWNLINK 0 492 1057
42.250 18 NAVIGATION 0 2 0. 0. 0. 0. 0 0
42.282 18 GPS 0 0 0 0 0 0 0 0 0 0 0
42.301 18 IR_SENSORS -21 297 318 276 34
42.358 18 ATTITUDE 1.501312 0. 1.367699
42.394 18 DESIRED 0. 0.16 0. 0. 0. 700. 0.
42.453 18 ESTIMATOR 0. 0.
42.473 18 BAT 0 116 0 0 1 47 0 0
42.502 18 NAVIGATION 0 2 0. 0. 0. 0. 0 0
42.538 18 GPS 0 0 0 0 0 0 0 0 0 0 0
42.558 18 WP_MOVED 5 665592.3125 5320088. 75. 32
42.574 18 GYRO_RATES -293 -5.093839 0.
42.750 18 NAVIGATION 0 2 0. 0. 0. 0. 0 0
42.782 18 GPS 0 0 0 0 0 0 0 0 0 0 0
42.810 18 NAVIGATION 0 2 0. 0. 0. 0. 0 0
42.858 18 ATTITUDE 1.498918 0. 1.368058
42.953 18 ESTIMATOR 0. 0.
42.982 18 DOWNLINK_STATUS 43 21442 967 0 474. 21. 43.75
42.998 18 NAVIGATION 0 2 0. 0. 0. 0. 0 0
43.034 18 GPS 0 0 0 0 0 0 0 0 0 0 0
43.057 18 WP_MOVED 6 665597. 5319937.5 75. 32
43.234 18 FBW_STATUS 2 0 1 116 0
43.266 18 NAVIGATION 0 2 0. 0. 0. 0. 0 0
43.298 18 GPS 0 0 0 0 0 0 0 0 0 0 0
43.358 18 ATTITUDE 1.477964 0. 1.352385
43.422 18 DESIRED 0. 0.14 0. 0. 0. 700. 0.
43.453 18 ESTIMATOR 0. 0.
43.469 18 IR_SENSORS -23 300 323 277 40
43.490 18 ENERGY 11.6 0. 0 0.
43.518 18 NAVIGATION 0 2 0. 0. 0. 0. 0 0
43.554 18 GPS 0 0 0 0 0 0 0 0 0 0 0
43.574 18 WP_MOVED 7 665340.8125 5320018.5 75. 32
43.593 18 BAT 0 116 0 0 1 48 0 0
43.605 18 DL_VALUE 8 0.
43.653 18 GYRO_RATES -292 -5.076454 0.
43.673 18 GPS_SOL 0 0 0 0
43.750 18 NAVIGATION 0 2 0. 0. 0. 0. 0 0
43.782 18 GPS 0 0 0 0 0 0 0 0 0 0 0
43.810 18 NAVIGATION 0 2 0. 0. 0. 0. 0 0
43.858 18 ATTITUDE 1.479623 0. 1.352782
43.953 18 ESTIMATOR 0. 0.
43.982 18 DOWNLINK_STATUS 44 21956 990 0 514. 23. 43.75
43.998 18 NAVIGATION 0 2 0. 0. 0. 0. 0 0
44.034 18 GPS 0 0 0 0 0 0 0 0 0 0 0
44.058 18 WP_MOVED 8 665734.375 5320238.5 75. 32
44.069 18 CALIBRATION 0. 0
44.250 18 NAVIGATION 0 2 0. 0. 0. 0. 0 0
44.282 18 GPS 0 0 0 0 0 0 0 0 0 0 0
44.358 18 ATTITUDE 1.484213 0. 1.355789
44.454 18 ESTIMATOR 0. 0.
44.490 18 DESIRED 0. 0.16 0. 0. 0. 700. 0.
44.514 18 NAVIGATION 0 2 0. 0. 0. 0. 0 0
44.550 18 GPS 0 0 0 0 0 0 0 0 0 0 0
44.570 18 WP_MOVED 9 665345.5 5320111.5 75. 32
44.658 18 BAT 0 116 0 0 1 49 0 0
44.673 18 IR_SENSORS -29 302 331 273 42
44.750 18 NAVIGATION 0 2 0. 0. 0. 0. 0 0
44.782 18 GPS 0 0 0 0 0 0 0 0 0 0 0
44.810 18 NAVIGATION 0 2 0. 0. 0. 0. 0 0
44.826 18 GYRO_RATES -295 -5.128609 0.
44.858 18 ATTITUDE 1.481527 0. 1.358438
44.953 18 ESTIMATOR 0. 0.
44.983 18 DOWNLINK_STATUS 45 22419 1010 0 463. 20. 43.75
44.998 18 NAVIGATION 0 2 0. 0. 0. 0. 0 0
45.034 18 GPS 0 0 0 0 0 0 0 0 0 0 0
45.062 18 WP_MOVED 0 665502. 5319991. 75. 32
45.069 18 DL_VALUE 9 0.
45.237 18 FBW_STATUS 2 0 1 116 0
45.262 18 NAVIGATION 0 2 0. 0. 0. 0. 0 0
45.298 18 GPS 0 0 0 0 0 0 0 0 0 0 0
45.334 18 COMMANDS 0,4281,-9600
45.358 18 ATTITUDE 1.483683 0. 1.358438
45.438 18 ACTUATORS 1290,1714,0,1000
45.454 18 ESTIMATOR 0. 0.
45.498 18 NAVIGATION 0 2 0. 0. 0. 0. 0 0
45.505 18 PONG 
45.538 18 GPS 0 0 0 0 0 0 0 0 0 0 0
45.574 18 DESIRED 0. 0.14 0. 0. 0. 700. 0.
45.598 18 WP_MOVED 1 665460. 5319949. 75. 32
45.658 18 GPS_SOL 0 0 0 0
45.750 18 NAVIGATION 0 2 0. 0. 0. 0. 0 0
45.782 18 GPS 0 0 0 0 0 0 0 0 0 0 0
45.810 18 NAVIGATION 0 2 0. 0. 0. 0. 0 0
45.833 18 BAT 0 116 0 0 1 50 0 0
45.857 18 ATTITUDE 1.460824 0. 1.341215
45.874 18 GYRO_RATES -301 -5.23292 0.
45.889 18 IR_SENSORS -30 305 335 275 48
45.954 18 ESTIMATOR 0. 0.
45.973 18 ENERGY 11.6 0. 0 0.
45.984 18 DOWNLINK_STATUS 46 22967 1036 0 548. 26. 43.59
46.002 18 NAVIGATION 0 2 0. 0. 0. 0. 0 0
46.038 18 GPS 0 0 0 0 0 0 0 0 0 0 0
46.057 18 WP_MOVED 2 665509.5 5320029. 75. 32
46.082 18 ALIVE 19,214,50,119,240,79,35,121,168,214,83,198,242,106,155,101
46.149 18 CALIBRATION 0. 0
46.161 18 PPRZ_MODE 2 0 0 0 0 6
46.250 18 NAVIGATION 0 2 0. 0. 0. 0. 0 0
46.282 18 GPS 0 0 0 0 0 0 0 0 0 0 0
46.358 18 ATTITUDE 1.465031 0. 1.34409
46.454 18 ESTIMATOR 0. 0.
46.498 18 NAVIGATION 0 2 0. 0. 0. 0. 0 0
46.534 18 GPS 0 0 0 0 0 0 0 0 0 0 0
46.558 18 WP_MOVED 3 665540. 5320049. 75. 32
46.594 18 DESIRED 0. 0.15 0. 0. 0. 700. 0.
46.605 18 DL_VALUE 10 -0.062832
46.750 18 NAVIGATION 0 2 0. 0. 0. 0. 0 0
46.782 18 GPS 0 0 0 0 0 0 0 0 0 0 0
46.810 18 NAVIGATION 0 2 0. 0. 0. 0. 0 0
46.858 18 ATTITUDE 1.46385 0. 1.34328
46.878 18 BAT 0 116 0 0 1 51 0 0
46.954 18 ESTIMATOR 0. 0.
46.970 18 GYRO_RATES -305 -5.30246 0.
46.985 18 DOWNLINK_STATUS 47 23460 1058 0 493. 22. 43.59
46.998 18 NAVIGATION 0 2 0. 0. 0. 0. 0 0
47.034 18 GPS 0 0 0 0 0 0 0 0 0 0 0
47.058 18 WP_MOVED 4 665470.125 5320139. 75. 32
47.074 18 IR_SENSORS -31 310 341 279 49
47.237 18 FBW_STATUS 2 0 1 116 0
47.262 18 NAVIGATION 0 2 0. 0. 0. 0. 0 0
47.298 18 GPS 0 0 0 0 0 0 0 0 0 0 0
47.309 18 DOWNLINK 0 503 1172
47.358 18 ATTITUDE 1.462047 0. 1.346074
47.453 18 ESTIMATOR 0. 0.
47.498 18 NAVIGATION 0 2 0. 0. 0. 0. 0 0
47.534 18 GPS 0 0 0 0 0 0 0 0 0 0 0
47.562 18 WP_MOVED 5 665592.3125 5320088. 75. 32
47.622 18 DESIRED 0. 0.14 0. 0. 0. 700. 0.
47.658 18 GPS_SOL 0 0 0 0
47.751 18 NAVIGATION 0 2 0. 0. 0. 0. 0 0
47.782 18 GPS 0 0 0 0 0 0 0 0 0 0 0
47.810 18 NAVIGATION 0 2 0. 0. 0. 0. 0 0
47.858 18 ATTITUDE 1.450645 0. 1.336452
47.953 18 ESTIMATOR 0. 0.
47.973 18 BAT 0 116 0 0 1 52 0 0
47.986 18 DOWNLINK_STATUS 48 23938 1079 0 478. 21. 43.59
48.002 18 NAVIGATION 0 2 0. 0. 0. 0. 0 0
48.034 18 GPS 0 0 0 0 0 0 0 0 0 0 0
48.062 18 WP_MOVED 6 665597. 5319937.5 75. 32
48.074 18 GYRO_RATES -306 -5.319845 0.
48.086 18 DL_VALUE 11 0.087266
48.252 18 NAVIGATION 0 2 0. 0. 0. 0. 0 0
48.282 18 GPS 0 0 0 0 0 0 0 0 0 0 0
48.302 18 IR_SENSORS -33 316 349 283 51
48.313 18 CALIBRATION 0. 0
48.358 18 ATTITUDE 1.443772 0. 1.332574
48.454 18 ESTIMATOR 0. 0.
48.474 18 ENERGY 11.6 0. 0 0.
48.502 18 NAVIGATION 0 2 0. 0. 0. 0. 0 0
48.534 18 GPS 0 0 0 0 0 0 0 0 0 0 0
48.558 18 WP_MOVED 7 665340.8125 5320018.5 75. 32
48.674 18 DESIRED 0. 0.15 0. 0. 0. 700. 0.
48.754 18 NAVIGATION 0 2 0. 0. 0. 0. 0 0
48.782 18 GPS 0 0 0 0 0 0 0 0 0 0 0
48.810 18 NAVIGATION 0 2 0. 0. 0. 0. 0 0
48.858 18 ATTITUDE 1.439669 0. 1.329395
48.953 18 ESTIMATOR 0. 0.
48.986 18 DOWNLINK_STATUS 49 24412 1100 0 474. 21. 43.59
48.998 18 NAVIGATION 0 2 0. 0. 0. 0. 0 0
49.034 18 GPS 0 0 0 0 0 0 0 0 0 0 0
49.058 18 WP_MOVED 8 665734.375 5320238.5 75. 32
49.078 18 BAT 0 116 0 0 1 53 0 0
49.154 18 GYRO_RATES -312 -5.424156 0.
49.234 18 FBW_STATUS 2 0 1 116 0
49.262 18 NAVIGATION 0 2 0. 0. 0. 0. 0 0
49.298 18 GPS 0 0 0 0 0 0 0 0 0 0 0
49.358 18 ATTITUDE 1.438991 0. 1.333158
49.454 18 ESTIMATOR 0. 0.
49.470 18 IR_SENSORS -40 318 358 278 58
49.498 18 NAVIGATION 0 2 0. 0. 0. 0. 0 0
49.534 18 GPS 0 0 0 0 0 0 0 0 0 0 0
49.558 18 WP_MOVED 9 665345.5 5320111.5 75. 32
49.569 18 DL_VALUE 0 700.
49.654 18 GPS_SOL 0 0 0 0
49.726 18 DESIRED 0. 0.14 0. 0. 0. 700. 0.
49.753 18 NAVIGATION 0 2 0. 0. 0. 0. 0 0
49.786 18 GPS 0 0 0 0 0 0 0 0 0 0 0
49.814 18 NAVIGATION 0 2 0. 0. 0. 0. 0 0
49.858 18 ATTITUDE 1.440417 0. 1.335451
49.954 18 ESTIMATOR 0. 0.
49.986 18 DOWNLINK_STATUS 50 24906 1122 0 494. 22. 43.59
49.998 18 NAVIGATION 0 2 0. 0. 0. 0. 0 0
50.034 18 GPS 0 0 0 0 0 0 0 0 0 0 0
50.058 18 WP_MOVED 0 665502. 5319991. 75. 32
50.158 18 BAT 0 116 0 0 1 54 0 0
50.254 18 NAVIGATION 0 2 0. 0. 0. 0. 0 0
50.282 18 GPS 0 0 0 0 0 0 0 0 0 0 0
50.302 18 GYRO_RATES -315 -5.476311 0.
50.334 18 COMMANDS 0,3956,-9600
50.358 18 ATTITUDE 1.423264 0. 1.320603
50.369 18 CALIBRATION 0. 0
50.385 18 NAVIGATION_REF 665460 5319949 32
50.438 18 ACTUATORS 1290,1729,0,1000
50.453 18 ESTIMATOR 0. 0.
50.498 18 NAVIGATION 0 2 0. 0. 0. 0. 0 0
50.505 18 PONG 
50.538 18 GPS 0 0 0 0 0 0 0 0 0 0 0
50.562 18 WP_MOVED 1 665460. 5319949. 75. 32
50.654 18 IR_SENSORS -41 321 362 280 60
50.750 18 NAVIGATION 0 2 0. 0. 0. 0. 0 0
50.786 18 GPS 0 0 0 0 0 0 0 0 0 0 0
50.810 18 NAVIGATION 0 2 0. 0. 0. 0. 0 0
50.846 18 DESIRED 0. 0.15 0. 0. 0. 700. 0.
50.866 18 ATTITUDE 1.409212 0. 1.312151
50.953 18 ESTIMATOR 0. 0.
50.973 18 ENERGY 11.6 0. 0 0.
50.986 18 DOWNLINK_STATUS 51 25438 1147 0 532. 25. 42.7
51.002 18 NAVIGATION 0 2 0. 0. 0. 0. 0 0
51.034 18 GPS 0 0 0 0 0 0 0 0 0 0 0
51.058 18 WP_MOVED 2 665509.5 5320029. 75. 32
51.069 18 DL_VALUE 1 0.
51.094 18 ALIVE 19,214,50,119,240,79,35,121,168,214,83,198,242,106,155,101
51.149 18 PPRZ_MODE 2 0 0 0 0 6
51.237 18 FBW_STATUS 2 0 1 116 0
51.262 18 NAVIGATION 0 2 0. 0. 0. 0. 0 0
51.298 18 GPS 0 0 0 0 0 0 0 0 0 0 0
51.317 18 BAT 0 116 0 0 1 56 0 0
51.358 18 ATTITUDE 1.424201 0. 1.321426
51.373 18 GYRO_RATES -320 -5.563237 0.
51.453 18 ESTIMATOR 0. 0.
51.498 18 NAVIGATION 0 2 0. 0. 0. 0. 0 0
51.534 18 GPS 0 0 0 0 0 0 0 0 0 0 0
51.558 18 WP_MOVED 3 665540. 5320049. 75. 32
51.654 18 GPS_SOL 0 0 0 0
51.750 18 NAVIGATION 0 2 0. 0. 0. 0. 0 0
51.782 18 GPS 0 0 0 0 0 0 0 0 0 0 0
51.810 18 NAVIGATION 0 2 0. 0. 0. 0. 0 0
51.846 18 DESIRED 0. 0.14 0. 0. 0. 700. 0.
51.849 18 WIND_INFO 18 42 0. 0. 0.
51.866 18 ATTITUDE 1.416871 0. 1.322276
51.881 18 IR_SENSORS -49 326 375 277 61
51.954 18 ESTIMATOR 0. 0.
51.986 18 DOWNLINK_STATUS 52 25967 1171 0 529. 24. 42.7
51.998 18 NAVIGATION 0 2 0. 0. 0. 0. 0 0
52.034 18 GPS 0 0 0 0 0 0 0 0 0 0 0
52.062 18 WP_MOVED 4 665470.125 5320139. 75. 32
52.250 18 NAVIGATION 0 2 0. 0. 0. 0. 0 0
52.282 18 GPS 0 0 0 0 0 0 0 0 0 0 0
52.358 18 ATTITUDE 1.412314 0. 1.318381
52.378 18 BAT 0 116 0 0 1 57 0 0
52.389 18 DOWNLINK 0 493 1285
52.453 18 ESTIMATOR 0. 0.
52.470 18 GYRO_RATES -323 -5.615392 0.
52.481 18 CALIBRATION 0. 0
52.510 18 NAVIGATION 0 2 0. 0. 0. 0. 0 0
52.542 18 GPS 0 0 0 0 0 0 0 0 0 0 0
52.562 18 WP_MOVED 5 665592.3125 5320088. 75. 32
52.573 18 DL_VALUE 2 0.
52.750 18 NAVIGATION 0 2 0. 0. 0. 0. 0 0
52.786 18 GPS 0 0 0 0 0 0 0 0 0 0 0
52.810 18 NAVIGATION 0 2 0. 0. 0. 0. 0 0
52.857 18 ATTITUDE 1.392841 0. 1.304369
52.894 18 DESIRED 0. 0.15 0. 0. 0. 700. 0.
52.953 18 ESTIMATOR 0. 0.
52.987 18 DOWNLINK_STATUS 53 26436 1192 0 469. 21. 42.7
52.998 18 NAVIGATION 0 2 0. 0. 0. 0. 0 0
53.034 18 GPS 0 0 0 0 0 0 0 0 0 0 0
53.058 18 WP_MOVED 6 665597. 5319937.5 75. 32
53.073 18 IR_SENSORS -51 331 382 280 70
53.234 18 FBW_STATUS 2 0 1 116 0
53.262 18 NAVIGATION 0 2 0. 0. 0. 0. 0 0
53.299 18 GPS 0 0 0 0 0 0 0 0 0 0 0
53.358 18 ATTITUDE 1.389487 0. 1.303676
53.454 18 ESTIMATOR 0. 0.
53.473 18 BAT 0 116 0 0 1 58 0 0
53.494 18 ENERGY 11.6 0. 0 0.
53.522 18 NAVIGATION 0 2 0. 0. 0. 0. 0 0
53.554 18 GPS 0 0 0 0 0 0 0 0 0 0 0
53.578 18 WP_MOVED 7 665340.8125 5320018.5 75. 32
53.594 18 GYRO_RATES -324 -5.632778 0.
53.654 18 GPS_SOL 0 0 0 0
53.750 18 NAVIGATION 0 2 0. 0. 0. 0. 0 0
53.782 18 GPS 0 0 0 0 0 0 0 0 0 0 0
53.810 18 NAVIGATION 0 2 0. 0. 0. 0. 0 0
53.858 18 ATTITUDE 1.384497 0. 1.299586
53.926 18 DESIRED 0. 0.15 0. 0. 0. 700. 0.
53.954 18 ESTIMATOR 0. 0.
53.988 18 DOWNLINK_STATUS 54 26939 1214 0 503. 22. 42.7
53.998 18 NAVIGATION 0 2 0. 0. 0. 0. 0 0
54.034 18 GPS 0 0 0 0 0 0 0 0 0 0 0
54.058 18 WP_MOVED 8 665734.375 5320238.5 75. 32
54.069 18 DL_VALUE 3 0.
54.250 18 NAVIGATION 0 2 0. 0. 0. 0. 0 0
54.286 18 GPS 0 0 0 0 0 0 0 0 0 0 0
54.297 18 IR_SENSORS -54 337 391 283 73
54.358 18 ATTITUDE 1.382797 0. 1.303231
54.453 18 ESTIMATOR 0. 0.
54.498 18 NAVIGATION 0 2 0. 0. 0. 0. 0 0
54.534 18 GPS 0 0 0 0 0 0 0 0 0 0 0
54.558 18 WP_MOVED 9 665345.5 5320111.5 75. 32
54.582 18 BAT 0 116 0 0 1 59 0 0
54.589 18 CALIBRATION 0. 0
54.653 18 GYRO_RATES -327 -5.684933 0.
54.750 18 NAVIGATION 0 2 0. 0. 0. 0. 0 0
54.786 18 GPS 0 0 0 0 0 0 0 0 0 0 0
54.810 18 NAVIGATION 0 2 0. 0. 0. 0. 0 0
54.858 18 ATTITUDE 1.361018 0. 1.28857
54.954 18 ESTIMATOR 0. 0.
54.986 18 DESIRED 0. 0.14 0. 0. 0. 700. 0.
54.988 18 DOWNLINK_STATUS 55 27413 1235 0 474. 21. 42.7
55.014 18 NAVIGATION 0 2 0. 0. 0. 0. 0 0
55.050 18 GPS 0 0 0 0 0 0 0 0 0 0 0
55.070 18 WP_MOVED 0 665502. 5319991. 75. 32
55.234 18 FBW_STATUS 2 0 1 116 0
55.262 18 NAVIGATION 0 2 0. 0. 0. 0. 0 0
55.298 18 GPS 0 0 0 0 0 0 0 0 0 0 0
55.333 18 COMMANDS 0,3155,-9600
55.355 18 ATTITUDE 1.357697 0. 1.287103
